# Variable: deviance
# Sample shape: (2000,)
# Date: 2018-03-08 10:52:56.777662
-2.531020017922259058e+02
-2.531020017922259058e+02
-2.531020017922259058e+02
-2.531020017922259058e+02
-2.534229133823044720e+02
-2.525650961133864882e+02
-2.516875733788080538e+02
-2.518437748210147049e+02
-2.521634119763224078e+02
-2.525928587571041817e+02
-2.525928587571041817e+02
-2.525678532920939574e+02
-2.525678532920939574e+02
-2.524017828592900514e+02
-2.518556800278893206e+02
-2.518556800278893206e+02
-2.517680872503160288e+02
-2.519420770563985741e+02
-2.519420770563985741e+02
-2.519420770563985741e+02
-2.519420770563985741e+02
-2.516821255547315559e+02
-2.516821255547315559e+02
-2.516966566296525514e+02
-2.509766836756080863e+02
-2.509766836756080863e+02
-2.509766836756080863e+02
-2.504164450718954527e+02
-2.504164450718954527e+02
-2.521106259428866565e+02
-2.492299326823912509e+02
-2.507661213748585567e+02
-2.497997418978596613e+02
-2.492556778041345638e+02
-2.493597739463987182e+02
-2.461609929676100990e+02
-2.409107164618120009e+02
-2.445905249103774395e+02
-2.497268043994871505e+02
-2.497268043994871505e+02
-2.497268043994871505e+02
-2.497268043994871505e+02
-2.497268043994871505e+02
-2.497268043994871505e+02
-2.497268043994871505e+02
-2.486366231401054847e+02
-2.493499215572719550e+02
-2.447853564918549694e+02
-2.524900289329302723e+02
-2.524900289329302723e+02
-2.497987051824563025e+02
-2.498794986423855846e+02
-2.498794986423855846e+02
-2.494930305981043261e+02
-2.505097182085197005e+02
-2.507310345478049101e+02
-2.503152494638848395e+02
-2.515890616827774409e+02
-2.496203998649147877e+02
-2.486170822349079401e+02
-2.494681573987772936e+02
-2.494681573987772936e+02
-2.457224642048636269e+02
-2.475744893250748078e+02
-2.486357289243723301e+02
-2.477952134061910101e+02
-2.478340664585012121e+02
-2.464956455953178533e+02
-2.457834332531705570e+02
-2.475920284503384607e+02
-2.475920284503384607e+02
-2.475920284503384607e+02
-2.480961641600702876e+02
-2.503623742233820622e+02
-2.504215700424750821e+02
-2.488250602826796865e+02
-2.488250602826796865e+02
-2.401610518997673012e+02
-2.426065788208288438e+02
-2.466358820467640385e+02
-2.488033145095696455e+02
-2.488033145095696455e+02
-2.489686412915630740e+02
-2.475782205217774106e+02
-2.471945523304962364e+02
-2.471945523304962364e+02
-2.459134863292428292e+02
-2.457647222298282372e+02
-2.459607858505090405e+02
-2.459607858505090405e+02
-2.422986641293210823e+02
-2.413769493864510309e+02
-2.413769493864510309e+02
-2.473810851797576333e+02
-2.490498166043467165e+02
-2.472529247506496972e+02
-2.505938859303701918e+02
-2.491826915174198689e+02
-2.402463122479584854e+02
-2.472010882506052667e+02
-2.467688893927104061e+02
-2.468646374345347567e+02
-2.468646374345347567e+02
-2.481051844843630647e+02
-2.482827280101009251e+02
-2.482827280101009251e+02
-2.481673972168536864e+02
-2.481673972168536864e+02
-2.491468346119443993e+02
-2.490187733974278785e+02
-2.484479842892932879e+02
-2.505905240226097135e+02
-2.505905240226097135e+02
-2.474073401401034857e+02
-2.464510176500532168e+02
-2.464510176500532168e+02
-2.468234475111630104e+02
-2.456525856697293193e+02
-2.459198100597311907e+02
-2.463674759920859572e+02
-2.459595555140744523e+02
-2.435186090281424640e+02
-2.421848475749447687e+02
-2.460879703273077723e+02
-2.470328218341738875e+02
-2.456115974433110978e+02
-2.463977853203118968e+02
-2.463977853203118968e+02
-2.447054803031694803e+02
-2.460173455733251728e+02
-2.482278696971924603e+02
-2.482278696971924603e+02
-2.487376369243740157e+02
-2.483343124587413797e+02
-2.490276195602379516e+02
-2.469547756140687227e+02
-2.499691814468638995e+02
-2.490481495443354447e+02
-2.510974810493855500e+02
-2.509269938605858101e+02
-2.490704939062839003e+02
-2.507565823834551111e+02
-2.476537961146217128e+02
-2.509142043093685572e+02
-2.494643449903559542e+02
-2.458563298186454347e+02
-2.458563298186454347e+02
-2.458563298186454347e+02
-2.458563298186454347e+02
-2.473908306932411278e+02
-2.473908306932411278e+02
-2.445854377868695622e+02
-2.462807107686195423e+02
-2.487719159932753996e+02
-2.486071906892935317e+02
-2.461621567939897091e+02
-2.484495005500641014e+02
-2.481707078453466693e+02
-2.472398442327987595e+02
-2.469770846105811017e+02
-2.469770846105811017e+02
-2.497111903401763868e+02
-2.492036950621456697e+02
-2.465533499526576406e+02
-2.476821061382996731e+02
-2.476821061382996731e+02
-2.494202698516983787e+02
-2.490854477423437743e+02
-2.415497994878590191e+02
-2.434221958330010978e+02
-2.464386664487041401e+02
-2.446508926216620239e+02
-2.467937043038268712e+02
-2.467169137489519244e+02
-2.486441671763607530e+02
-2.474108765206258340e+02
-2.474108765206258340e+02
-2.467664856037658581e+02
-2.467664856037658581e+02
-2.466373969093499738e+02
-2.466373969093499738e+02
-2.466373969093499738e+02
-2.467921581509088469e+02
-2.450237314922609642e+02
-2.444072627420719641e+02
-2.453294540039963181e+02
-2.409222405774831941e+02
-2.424859352181022700e+02
-2.416407700629544877e+02
-2.432144564831381217e+02
-2.427543348426937939e+02
-2.423920857280621988e+02
-2.426975375696525532e+02
-2.435731572780444480e+02
-2.435731572780444480e+02
-2.442630896913143204e+02
-2.442630896913143204e+02
-2.459441270771313839e+02
-2.459134449775417579e+02
-2.475541990189227590e+02
-2.479483129476682279e+02
-2.461584545886461228e+02
-2.460967980887036788e+02
-2.448930626948876181e+02
-2.448930626948876181e+02
-2.448930626948876181e+02
-2.463235144647648553e+02
-2.463327664016826759e+02
-2.463327664016826759e+02
-2.439456148824935156e+02
-2.439456148824935156e+02
-2.426852762087463873e+02
-2.426852762087463873e+02
-2.424225109792171793e+02
-2.423037819476051595e+02
-2.413010008135264002e+02
-2.465123388022855124e+02
-2.465318232782566668e+02
-2.448042612884341338e+02
-2.402503898798145485e+02
-2.414651822608553857e+02
-2.440493548249762341e+02
-2.471255715660963119e+02
-2.469939439683396643e+02
-2.473868357910404825e+02
-2.468314130841434917e+02
-2.464494651540054235e+02
-2.457585862531309715e+02
-2.462335834990969943e+02
-2.468488737076709469e+02
-2.468488737076709469e+02
-2.467828016405997573e+02
-2.448727442183953826e+02
-2.464805423737145986e+02
-2.464805423737145986e+02
-2.452556632239327428e+02
-2.466327148081418272e+02
-2.428007051096935811e+02
-2.449983313613373355e+02
-2.478694157215947484e+02
-2.469912709946374605e+02
-2.469912709946374605e+02
-2.475159452057635576e+02
-2.466839447558746485e+02
-2.451577104489783778e+02
-2.451577104489783778e+02
-2.491181830082872182e+02
-2.485290038148540930e+02
-2.457470999282539879e+02
-2.457470999282539879e+02
-2.451958551640340715e+02
-2.470428118871233494e+02
-2.470428118871233494e+02
-2.459099930419660041e+02
-2.459099930419660041e+02
-2.448735494319745385e+02
-2.443894866583519274e+02
-2.465575930570767866e+02
-2.471616985824364008e+02
-2.471616985824364008e+02
-2.456045443386751117e+02
-2.456045443386751117e+02
-2.456045443386751117e+02
-2.456045443386751117e+02
-2.387014906690227747e+02
-2.476622770583491047e+02
-2.476622770583491047e+02
-2.485905366125156775e+02
-2.484066384344866947e+02
-2.430576236707152873e+02
-2.430576236707152873e+02
-2.466873829685737860e+02
-2.440393328394916637e+02
-2.438799138216567428e+02
-2.438799138216567428e+02
-2.455469836985299708e+02
-2.439909996149542337e+02
-2.426440510029500786e+02
-2.415643264756685937e+02
-2.428151219962180676e+02
-2.440254098391146158e+02
-2.445324505817609690e+02
-2.441093537102879907e+02
-2.446605027111985748e+02
-2.434754069361630968e+02
-2.454011578758948531e+02
-2.454011578758948531e+02
-2.457957445813962352e+02
-2.443146526598846435e+02
-2.443146526598846435e+02
-2.458439062717148715e+02
-2.463619963422045203e+02
-2.454981697881275977e+02
-2.441044076569656340e+02
-2.446660275815797263e+02
-2.458310562410361229e+02
-2.456234141548177377e+02
-2.456234141548177377e+02
-2.432978653453572520e+02
-2.432978653453572520e+02
-2.392793891382725064e+02
-2.392793891382725064e+02
-2.330564918174064815e+02
-2.330533617883272086e+02
-2.468271931306842077e+02
-2.468271931306842077e+02
-2.462721502461092768e+02
-2.439090504438622133e+02
-2.476016493235445637e+02
-2.476513113152294352e+02
-2.455004627143979690e+02
-2.456910567799578189e+02
-2.459306383167822219e+02
-2.459306383167822219e+02
-2.466940208181119374e+02
-2.483428001451176783e+02
-2.454233691015190004e+02
-2.491183550380347640e+02
-2.491183550380347640e+02
-2.503191315129861607e+02
-2.475463345997992235e+02
-2.467179082916873654e+02
-2.462491003753412997e+02
-2.461029431915561645e+02
-2.480781326137489771e+02
-2.480781326137489771e+02
-2.477496303822989887e+02
-2.483342526147200147e+02
-2.470962473331700266e+02
-2.475980407082065824e+02
-2.451760337759989739e+02
-2.467322548663405257e+02
-2.436546534722429840e+02
-2.469472132420159483e+02
-2.462890332763425931e+02
-2.465984160087955672e+02
-2.465984160087955672e+02
-2.466808853679977176e+02
-2.441806264841282541e+02
-2.442215556252095041e+02
-2.465318440660330737e+02
-2.488026308378866531e+02
-2.468160286449154910e+02
-2.461708478366820998e+02
-2.482394499003730175e+02
-2.455490106242685897e+02
-2.459828323114082593e+02
-2.475857437448162841e+02
-2.475857437448162841e+02
-2.467603045692541741e+02
-2.487238894753748752e+02
-2.468358536779037706e+02
-2.483365663970278945e+02
-2.483365663970278945e+02
-2.491858941464791712e+02
-2.474352897392668069e+02
-2.479647683317962219e+02
-2.494867572375520410e+02
-2.498938828551659981e+02
-2.498894472753208902e+02
-2.504420148656994343e+02
-2.505256099647073427e+02
-2.498793169184710905e+02
-2.499404432057156100e+02
-2.499404432057156100e+02
-2.420054599053432867e+02
-2.456214721561028398e+02
-2.432567053252282392e+02
-2.476164311396025539e+02
-2.496997165042908478e+02
-2.516916166647333739e+02
-2.496719531573868949e+02
-2.493827448041881780e+02
-2.505036006183968311e+02
-2.505036006183968311e+02
-2.467608253225862143e+02
-2.466532293363540020e+02
-2.515766393714631590e+02
-2.515766393714631590e+02
-2.508170468885698483e+02
-2.506790722417898394e+02
-2.485200025223128648e+02
-2.462179719112830298e+02
-2.497858192989394581e+02
-2.509715168163418753e+02
-2.500453782077494509e+02
-2.494634597259907025e+02
-2.494634597259907025e+02
-2.469319909703991414e+02
-2.462546424965106553e+02
-2.450805429104622704e+02
-2.465372643341482615e+02
-2.479170044379345654e+02
-2.526831725695337525e+02
-2.526831725695337525e+02
-2.526831725695337525e+02
-2.520128713046063638e+02
-2.514617900098799623e+02
-2.524641300030596653e+02
-2.524046533848705849e+02
-2.519117054118924273e+02
-2.519117054118924273e+02
-2.515244473116075596e+02
-2.518940610579112729e+02
-2.518940610579112729e+02
-2.500101698140663302e+02
-2.500101698140663302e+02
-2.511019883559933419e+02
-2.511019883559933419e+02
-2.511019883559933419e+02
-2.517217772651388543e+02
-2.513647464027558271e+02
-2.491627275601576628e+02
-2.474189441589301737e+02
-2.467338806832642035e+02
-2.478611961028535688e+02
-2.516986628990663917e+02
-2.516146157200339246e+02
-2.499785702291156895e+02
-2.502195847703927143e+02
-2.508390422430113915e+02
-2.504758392184073159e+02
-2.461452616739724419e+02
-2.387211360981046937e+02
-2.404386650756364645e+02
-2.431760461665247703e+02
-2.460688131606503362e+02
-2.460688131606503362e+02
-2.494933163129375089e+02
-2.499842250398563124e+02
-2.501657978441652688e+02
-2.501657978441652688e+02
-2.500838518647638296e+02
-2.500838518647638296e+02
-2.500298798808755691e+02
-2.500279760744368502e+02
-2.491412051736243143e+02
-2.505601044520767005e+02
-2.507005730575847053e+02
-2.477535485071239520e+02
-2.453619645510756300e+02
-2.449542259834343838e+02
-2.471316550793622184e+02
-2.471316550793622184e+02
-2.512699386455201420e+02
-2.512699386455201420e+02
-2.497558541676027630e+02
-2.463966182844400521e+02
-2.497528326167028752e+02
-2.492285282040751326e+02
-2.459585798621941422e+02
-2.496360810084072455e+02
-2.496360810084072455e+02
-2.509078152673474449e+02
-2.509078152673474449e+02
-2.504663726626375251e+02
-2.501877997039425736e+02
-2.483200536990219121e+02
-2.478385575447317706e+02
-2.478385575447317706e+02
-2.478385575447317706e+02
-2.496855769849278204e+02
-2.495276789835118052e+02
-2.424641510457031757e+02
-2.424641510457031757e+02
-2.489293693573064274e+02
-2.493300311254018595e+02
-2.433038163538876688e+02
-2.433038163538876688e+02
-2.490577240983490697e+02
-2.490577240983490697e+02
-2.495991848408758642e+02
-2.469340596240867853e+02
-2.458419536508358760e+02
-2.451177173822530335e+02
-2.470451292248386608e+02
-2.467563139650489461e+02
-2.481536886064139367e+02
-2.471136353379952197e+02
-2.463034785648432035e+02
-2.472566855512203574e+02
-2.500437034601744415e+02
-2.491530768616914031e+02
-2.489926739229356087e+02
-2.489926739229356087e+02
-2.491446771881180098e+02
-2.477015145967918386e+02
-2.477015145967918386e+02
-2.477015145967918386e+02
-2.477015145967918386e+02
-2.477015145967918386e+02
-2.477015145967918386e+02
-2.479143095990938548e+02
-2.512286314977946518e+02
-2.512286314977946518e+02
-2.514787993918952509e+02
-2.515910074100291354e+02
-2.516128099793812112e+02
-2.516128099793812112e+02
-2.508140287635824563e+02
-2.508140287635824563e+02
-2.477146591381089422e+02
-2.487384417169748758e+02
-2.508733531942534967e+02
-2.508733531942534967e+02
-2.508733531942534967e+02
-2.508733531942534967e+02
-2.508733531942534967e+02
-2.508733531942534967e+02
-2.499923348694187553e+02
-2.499923348694187553e+02
-2.499589094685783550e+02
-2.518150284919932744e+02
-2.518150284919932744e+02
-2.464324825651300443e+02
-2.504918483911795306e+02
-2.507621524603255807e+02
-2.491142216659088717e+02
-2.516528271459952180e+02
-2.520613066124991519e+02
-2.439618082609414671e+02
-2.502728145523609555e+02
-2.493732114728001648e+02
-2.532648738663010590e+02
-2.517342317045546451e+02
-2.517342317045546451e+02
-2.508323729610934265e+02
-2.508323729610934265e+02
-2.516213754244798508e+02
-2.516529743498750236e+02
-2.516529743498750236e+02
-2.516529743498750236e+02
-2.498957570520623790e+02
-2.498957570520623790e+02
-2.498957570520623790e+02
-2.514794468343139044e+02
-2.514794468343139044e+02
-2.504505309236847097e+02
-2.504505309236847097e+02
-2.504505309236847097e+02
-2.511058925832741409e+02
-2.511058925832741409e+02
-2.504147893828859424e+02
-2.508448226995355128e+02
-2.495005408393215873e+02
-2.492875384485386121e+02
-2.495171228769762024e+02
-2.495171228769762024e+02
-2.503030248812054595e+02
-2.484269434597328825e+02
-2.464301423676225227e+02
-2.459878146921672339e+02
-2.467815479674836183e+02
-2.479218071814559892e+02
-2.479218071814559892e+02
-2.462043458377237073e+02
-2.470930289931413881e+02
-2.460578905890276360e+02
-2.446934102856906179e+02
-2.476937692321442626e+02
-2.499570663354119802e+02
-2.495215368865639789e+02
-2.496338893806562851e+02
-2.486491058960636167e+02
-2.476975524119955026e+02
-2.474242135831257201e+02
-2.489057845230720432e+02
-2.491767651382167230e+02
-2.505447516355355617e+02
-2.505447516355355617e+02
-2.506624713835578575e+02
-2.496330255133459843e+02
-2.496330255133459843e+02
-2.505015402277713861e+02
-2.509395416867641018e+02
-2.509769261899233470e+02
-2.508042558980083356e+02
-2.499165698503088322e+02
-2.431188093436614963e+02
-2.441594154363870643e+02
-2.448692823340307996e+02
-2.448358057381004187e+02
-2.449174807680385584e+02
-2.421819915875880440e+02
-2.495257826858866395e+02
-2.473230703443964842e+02
-2.473230703443964842e+02
-2.435832328915053040e+02
-2.450508651397543929e+02
-2.419800290116867245e+02
-2.479859378228851767e+02
-2.479859378228851767e+02
-2.470138631660648798e+02
-2.470138631660648798e+02
-2.466920937587851483e+02
-2.466920937587851483e+02
-2.441071272688473357e+02
-2.441071272688473357e+02
-2.441071272688473357e+02
-2.450304863794915775e+02
-2.446953811050850902e+02
-2.461459186670383872e+02
-2.450947655674980865e+02
-2.450947655674980865e+02
-2.420090131264244917e+02
-2.417179057229591876e+02
-2.418349001463555226e+02
-2.418349001463555226e+02
-2.418692942266296200e+02
-2.425327208265199488e+02
-2.425327208265199488e+02
-2.411460265872838704e+02
-2.407039636530676603e+02
-2.407039636530676603e+02
-2.407039636530676603e+02
-2.347058978448453672e+02
-2.344729358861989397e+02
-2.417760912172624614e+02
-2.417760912172624614e+02
-2.417029383036817478e+02
-2.414221702171472543e+02
-2.426966938621011991e+02
-2.426966938621011991e+02
-2.425032701510830861e+02
-2.440000692787608330e+02
-2.458120704296399595e+02
-2.459128635241260099e+02
-2.459128635241260099e+02
-2.459128635241260099e+02
-2.447936140124222391e+02
-2.457529394183477791e+02
-2.457692346915599728e+02
-2.476903253114855374e+02
-2.497558811587064440e+02
-2.493208833668605280e+02
-2.498339179454444547e+02
-2.498339179454444547e+02
-2.396792708793278450e+02
-2.429613999955524264e+02
-2.447760598786182129e+02
-2.460272543068521998e+02
-2.460272543068521998e+02
-2.460272543068521998e+02
-2.460272543068521998e+02
-2.460272543068521998e+02
-2.426566668326258593e+02
-2.419014125579553536e+02
-2.461232719629318240e+02
-2.441819484385618750e+02
-2.454454207686696918e+02
-2.459275074405901194e+02
-2.453492298926652495e+02
-2.449909106393018305e+02
-2.444976854090126892e+02
-2.435022992380322933e+02
-2.442447584733644135e+02
-2.435170093068376218e+02
-2.459919372074172372e+02
-2.418391980632550258e+02
-2.403779844811031126e+02
-2.453973194811906637e+02
-2.453973194811906637e+02
-2.483407519291147310e+02
-2.477520722967078655e+02
-2.477916376623592498e+02
-2.492050021263889903e+02
-2.492050021263889903e+02
-2.492050021263889903e+02
-2.481539854587624632e+02
-2.451585586528317435e+02
-2.465186810513233979e+02
-2.465186810513233979e+02
-2.465186810513233979e+02
-2.523038135965593938e+02
-2.520623500249905078e+02
-2.520623500249905078e+02
-2.520623500249905078e+02
-2.508551790070708591e+02
-2.508551790070708591e+02
-2.482329596012512525e+02
-2.487166530337676420e+02
-2.441818319211202208e+02
-2.490752468899484029e+02
-2.474802308735575878e+02
-2.474802308735575878e+02
-2.474802308735575878e+02
-2.476955548828979090e+02
-2.460529377424147697e+02
-2.462895551880538392e+02
-2.467807840267873019e+02
-2.467807840267873019e+02
-2.467807840267873019e+02
-2.467807840267873019e+02
-2.467620774889106485e+02
-2.489190210776072263e+02
-2.482288716910757103e+02
-2.482288716910757103e+02
-2.508647572648787900e+02
-2.508647572648787900e+02
-2.508647572648787900e+02
-2.508647572648787900e+02
-2.508647572648787900e+02
-2.439443155141226214e+02
-2.484649874634846185e+02
-2.511111552122540047e+02
-2.473631965942505531e+02
-2.497320352220769450e+02
-2.490936365629518150e+02
-2.466690502783052921e+02
-2.446680371293604992e+02
-2.455597072612738145e+02
-2.455597072612738145e+02
-2.477885356887573209e+02
-2.519840281049755504e+02
-2.519840281049755504e+02
-2.514518944704529133e+02
-2.512011698361118022e+02
-2.500705072519120336e+02
-2.515772615546853217e+02
-2.515772615546853217e+02
-2.515772615546853217e+02
-2.515772615546853217e+02
-2.518474508148797781e+02
-2.490949869643146428e+02
-2.490949869643146428e+02
-2.485469656139324570e+02
-2.490918973078368879e+02
-2.497324417905778091e+02
-2.503198934260703368e+02
-2.532770719052619484e+02
-2.519537056290671160e+02
-2.515621923404667655e+02
-2.491041675960727275e+02
-2.477401925363555222e+02
-2.492788204418137354e+02
-2.493062871390130226e+02
-2.491070256564568126e+02
-2.491070256564568126e+02
-2.491070256564568126e+02
-2.501803947242500499e+02
-2.498275577489503689e+02
-2.498275577489503689e+02
-2.506972012385249400e+02
-2.504480845064260848e+02
-2.505055701082810629e+02
-2.516600393158523730e+02
-2.516573638849509962e+02
-2.511470779740781438e+02
-2.505694106483549035e+02
-2.502119954627817719e+02
-2.499043272506576443e+02
-2.484031804638556196e+02
-2.480569334307866143e+02
-2.480569334307866143e+02
-2.509246106218456021e+02
-2.505785664322459922e+02
-2.505785664322459922e+02
-2.524866118479360182e+02
-2.506318893692364043e+02
-2.506318893692364043e+02
-2.499614640553082836e+02
-2.519187811303640387e+02
-2.519187811303640387e+02
-2.513619544852739125e+02
-2.516819407933878381e+02
-2.517027002179059139e+02
-2.517027002179059139e+02
-2.517027002179059139e+02
-2.478805036727247284e+02
-2.474476905881255959e+02
-2.486200572090086496e+02
-2.496746793442335957e+02
-2.501098938997545247e+02
-2.492221887554854902e+02
-2.468313779989125010e+02
-2.465873780744747421e+02
-2.481052237439060661e+02
-2.513025049891940910e+02
-2.519265654980239049e+02
-2.464492833481659488e+02
-2.491368939680082235e+02
-2.491368939680082235e+02
-2.499027928501603242e+02
-2.493714404049954396e+02
-2.452835311956758062e+02
-2.499794383709004535e+02
-2.499794383709004535e+02
-2.492599401023867074e+02
-2.500446710329576376e+02
-2.489230463518250644e+02
-2.471979730850801218e+02
-2.465196294211120005e+02
-2.465196294211120005e+02
-2.465196294211120005e+02
-2.485943312285436377e+02
-2.489442194119091027e+02
-2.479198958384831144e+02
-2.503647657155024149e+02
-2.505611830671982148e+02
-2.505611830671982148e+02
-2.505611830671982148e+02
-2.505611830671982148e+02
-2.480161446134124219e+02
-2.496643048805050284e+02
-2.479085532515923092e+02
-2.506726006602420966e+02
-2.501892296820385866e+02
-2.501892296820385866e+02
-2.436555850033938668e+02
-2.498490372646787421e+02
-2.509027095961859288e+02
-2.509076059049320975e+02
-2.509076059049320975e+02
-2.507142689775129156e+02
-2.507142689775129156e+02
-2.496742377033546063e+02
-2.487934659599858946e+02
-2.496010964488022239e+02
-2.461793060925330394e+02
-2.454916373994661853e+02
-2.454916373994661853e+02
-2.454916373994661853e+02
-2.454916373994661853e+02
-2.457150274599934505e+02
-2.441393849042250395e+02
-2.467504107264974493e+02
-2.467504107264974493e+02
-2.465315400552157712e+02
-2.478530627632819687e+02
-2.465802227536921976e+02
-2.475234235050817517e+02
-2.463484911495650636e+02
-2.431544948064271523e+02
-2.431544948064271523e+02
-2.452793816164817713e+02
-2.452793816164817713e+02
-2.436800504149602205e+02
-2.445858008257541769e+02
-2.445858008257541769e+02
-2.465734567474135304e+02
-2.480752264666981546e+02
-2.474551179448231721e+02
-2.474551179448231721e+02
-2.474551179448231721e+02
-2.468331912930850933e+02
-2.488736328300799414e+02
-2.488736328300799414e+02
-2.492068152668784080e+02
-2.492068152668784080e+02
-2.435641896628643792e+02
-2.472641154480354828e+02
-2.494472489238158062e+02
-2.494472489238158062e+02
-2.494472489238158062e+02
-2.494472489238158062e+02
-2.494472489238158062e+02
-2.491519107454943764e+02
-2.486802264358537684e+02
-2.464230238392434842e+02
-2.468834829046984112e+02
-2.468834829046984112e+02
-2.468834829046984112e+02
-2.495819505139331795e+02
-2.495819505139331795e+02
-2.476777887692605873e+02
-2.459254312782100840e+02
-2.497164100176274815e+02
-2.497937693078360724e+02
-2.497937693078360724e+02
-2.497937693078360724e+02
-2.464217213611460693e+02
-2.447774268181795492e+02
-2.461501324551597918e+02
-2.431935124311347636e+02
-2.428813736524793683e+02
-2.486292785335274971e+02
-2.488915977305492504e+02
-2.479239339818924464e+02
-2.459408480283664744e+02
-2.459408480283664744e+02
-2.459656938494323981e+02
-2.469619959875964241e+02
-2.468446771734712684e+02
-2.485617285393898896e+02
-2.485617285393898896e+02
-2.456299831622885677e+02
-2.440043876134643313e+02
-2.440043876134643313e+02
-2.458977217451632384e+02
-2.458977217451632384e+02
-2.482092913372090095e+02
-2.469856683465395122e+02
-2.482357165665161745e+02
-2.482357165665161745e+02
-2.483472022201702885e+02
-2.487085838456269187e+02
-2.454095654394874089e+02
-2.455912987623929098e+02
-2.455912987623929098e+02
-2.393564182702833421e+02
-2.447875612737880715e+02
-2.447875612737880715e+02
-2.377497543615440634e+02
-2.401025861601044085e+02
-2.419265947720885777e+02
-2.408258864219320685e+02
-2.413466816239367745e+02
-2.385520984070537622e+02
-2.378417885975991339e+02
-2.380005919490750728e+02
-2.391323185968275880e+02
-2.417240531876021805e+02
-2.417584993367420907e+02
-2.427008613727508646e+02
-2.423101873385599276e+02
-2.395084729628288187e+02
-2.448351627679181775e+02
-2.462930623196961903e+02
-2.462930623196961903e+02
-2.462930623196961903e+02
-2.459098179008741454e+02
-2.439903229839322023e+02
-2.442142907781103816e+02
-2.438967885256848547e+02
-2.438967885256848547e+02
-2.438564939549544022e+02
-2.451731255546146144e+02
-2.444341711847629313e+02
-2.449027810769422331e+02
-2.432787034871927290e+02
-2.421573188142282902e+02
-2.421573188142282902e+02
-2.422397439329646716e+02
-2.422397439329646716e+02
-2.419919706244987765e+02
-2.419919706244987765e+02
-2.419688969106258583e+02
-2.414536084537717215e+02
-2.414536084537717215e+02
-2.414536084537717215e+02
-2.420900479022611194e+02
-2.421579959575878433e+02
-2.443886328752455199e+02
-2.453023187803264591e+02
-2.448056947798951626e+02
-2.448056947798951626e+02
-2.421117630374655505e+02
-2.437380266347697386e+02
-2.437380266347697386e+02
-2.445259691761701220e+02
-2.427781066539124026e+02
-2.405148420672179839e+02
-2.400313789284767552e+02
-2.400313789284767552e+02
-2.424526419484043345e+02
-2.424526419484043345e+02
-2.424526419484043345e+02
-2.403594709741311988e+02
-2.410710366034998628e+02
-2.440065862673984043e+02
-2.425243954150644754e+02
-2.413513105388078941e+02
-2.431657651714101576e+02
-2.432040502030044422e+02
-2.432040502030044422e+02
-2.432040502030044422e+02
-2.449340201649195876e+02
-2.449340201649195876e+02
-2.449340201649195876e+02
-2.450425813349070836e+02
-2.450425813349070836e+02
-2.451385817474653663e+02
-2.449702776053717628e+02
-2.449702776053717628e+02
-2.457514492471899246e+02
-2.393296388971813258e+02
-2.375829184515040993e+02
-2.390427261010479469e+02
-2.390532719801662438e+02
-2.324123393520189325e+02
-2.324123393520189325e+02
-2.422909884304934280e+02
-2.430649403931582810e+02
-2.426800284165175299e+02
-2.418320035349315731e+02
-2.437454431052961468e+02
-2.421424050898576752e+02
-2.401967972692814612e+02
-2.419684256254878107e+02
-2.419684256254878107e+02
-2.419684256254878107e+02
-2.419684256254878107e+02
-2.415794676090320081e+02
-2.404559037095862948e+02
-2.441744440178126183e+02
-2.439444004319270221e+02
-2.432865387753310529e+02
-2.434126993687656579e+02
-2.436109578815861028e+02
-2.436109578815861028e+02
-2.434805786002078207e+02
-2.434805786002078207e+02
-2.398290108084792962e+02
-2.435045199805193477e+02
-2.427028025251447616e+02
-2.424867802253013735e+02
-2.448563049600139436e+02
-2.440404073729011714e+02
-2.440404073729011714e+02
-2.431576588937225267e+02
-2.431576588937225267e+02
-2.411472589872255128e+02
-2.441864696979430391e+02
-2.441864696979430391e+02
-2.441649110723438412e+02
-2.441649110723438412e+02
-2.441649110723438412e+02
-2.446486401976825391e+02
-2.446486401976825391e+02
-2.441228849715213869e+02
-2.441228849715213869e+02
-2.437558664419939873e+02
-2.424458694470377793e+02
-2.447743987847870244e+02
-2.447743987847870244e+02
-2.448034454431016513e+02
-2.453234081469732928e+02
-2.430815249882012949e+02
-2.432691407999731723e+02
-2.410255766832688948e+02
-2.407171905532443930e+02
-2.434965945445842976e+02
-2.388420619370175757e+02
-2.425225514475504269e+02
-2.428569169692569290e+02
-2.406976587221913064e+02
-2.425401441436446817e+02
-2.449318603191981367e+02
-2.449318603191981367e+02
-2.463490941734403066e+02
-2.458734674928613515e+02
-2.443883920842448561e+02
-2.460966799433346353e+02
-2.460966799433346353e+02
-2.458643364552401067e+02
-2.458643364552401067e+02
-2.446822071881739760e+02
-2.446822071881739760e+02
-2.406924905661017817e+02
-2.406924905661017817e+02
-2.406924905661017817e+02
-2.406924905661017817e+02
-2.406924905661017817e+02
-2.391499878900366127e+02
-2.394730796123915297e+02
-2.448615119029370533e+02
-2.440312224108407122e+02
-2.462345468445469692e+02
-2.460602462263313726e+02
-2.424874272786935308e+02
-2.424874272786935308e+02
-2.404302351487259273e+02
-2.400781185392940529e+02
-2.419495424221983626e+02
-2.419495424221983626e+02
-2.429618784445315214e+02
-2.434711230236187873e+02
-2.434711230236187873e+02
-2.417486839829388146e+02
-2.417486839829388146e+02
-2.426378105712595641e+02
-2.426378105712595641e+02
-2.426378105712595641e+02
-2.429399120535508132e+02
-2.429399120535508132e+02
-2.426665900782178369e+02
-2.426361540501762306e+02
-2.426361540501762306e+02
-2.426361540501762306e+02
-2.426361540501762306e+02
-2.408425320945147519e+02
-2.411806231454959288e+02
-2.378532595218484857e+02
-2.425500821351670879e+02
-2.425500821351670879e+02
-2.429713062141941009e+02
-2.429713062141941009e+02
-2.429713062141941009e+02
-2.429713062141941009e+02
-2.429713062141941009e+02
-2.405305950699980144e+02
-2.429280203704551582e+02
-2.427816956497821650e+02
-2.427816956497821650e+02
-2.427816956497821650e+02
-2.402149438413282496e+02
-2.408496306578616384e+02
-2.338294188256727750e+02
-2.331824630618606591e+02
-2.402157453544854206e+02
-2.417881207626389539e+02
-2.411035815512497038e+02
-2.411035815512497038e+02
-2.437653366233391807e+02
-2.433246521503592135e+02
-2.433246521503592135e+02
-2.444090784081797949e+02
-2.433844085442952121e+02
-2.430875062443328147e+02
-2.432957383394193016e+02
-2.446335553354476815e+02
-2.458549001872251267e+02
-2.456431462778667196e+02
-2.456431462778667196e+02
-2.429760330625694280e+02
-2.441007954232315171e+02
-2.427512593560736889e+02
-2.412261511588320104e+02
-2.472003505274118993e+02
-2.472003505274118993e+02
-2.472003505274118993e+02
-2.461269116803508723e+02
-2.462514793423676167e+02
-2.471899911181560583e+02
-2.459365569956140121e+02
-2.476846961448796378e+02
-2.498645152426952336e+02
-2.480774642033614441e+02
-2.481064611482691475e+02
-2.439318014553910530e+02
-2.439318014553910530e+02
-2.477685285352539779e+02
-2.410999222920414979e+02
-2.470360368916466314e+02
-2.457790652634816126e+02
-2.465652385205457051e+02
-2.465652385205457051e+02
-2.467221118402382274e+02
-2.467221118402382274e+02
-2.470485405572563593e+02
-2.467331191943280828e+02
-2.459055478220099360e+02
-2.468222429076861317e+02
-2.457707506493689209e+02
-2.457707506493689209e+02
-2.454200722274008513e+02
-2.490422219976670135e+02
-2.493281701788987448e+02
-2.493281701788987448e+02
-2.487744482920723215e+02
-2.452770535528907772e+02
-2.437644678769857194e+02
-2.495522405770031469e+02
-2.490634324232643735e+02
-2.502673870186789600e+02
-2.454689142977438792e+02
-2.465733402695825305e+02
-2.424008629144166491e+02
-2.457882808467619213e+02
-2.356305599429988433e+02
-2.409990899901609396e+02
-2.435237662090835045e+02
-2.431565372482166651e+02
-2.431565372482166651e+02
-2.431565372482166651e+02
-2.454318590568912839e+02
-2.448116268402018250e+02
-2.448116268402018250e+02
-2.448116268402018250e+02
-2.438206750325333587e+02
-2.438542068010713137e+02
-2.462210539537929321e+02
-2.462210539537929321e+02
-2.462210539537929321e+02
-2.470680175753562366e+02
-2.480018593972769168e+02
-2.480018593972769168e+02
-2.480018593972769168e+02
-2.480018593972769168e+02
-2.480018593972769168e+02
-2.483239690740295487e+02
-2.509870330761422963e+02
-2.509870330761422963e+02
-2.512935578600697113e+02
-2.423747778506960913e+02
-2.432743404213755412e+02
-2.425550509184954535e+02
-2.406053285365342731e+02
-2.465426466661306790e+02
-2.465426466661306790e+02
-2.486702203358705390e+02
-2.456202283103415027e+02
-2.496129855769788151e+02
-2.496129855769788151e+02
-2.485656995346350300e+02
-2.484511876694627972e+02
-2.484511876694627972e+02
-2.484511876694627972e+02
-2.453902124837126735e+02
-2.454866848232761072e+02
-2.482518771316770767e+02
-2.474430976348890283e+02
-2.445924811449037861e+02
-2.461573855734236815e+02
-2.461573855734236815e+02
-2.461573855734236815e+02
-2.461573855734236815e+02
-2.492483946374899233e+02
-2.498268697177240369e+02
-2.462896419506864163e+02
-2.462490100459917244e+02
-2.504520267724066400e+02
-2.512509917156245933e+02
-2.512132153434239399e+02
-2.512132153434239399e+02
-2.458148689202745913e+02
-2.489842025423685925e+02
-2.500377673666903320e+02
-2.506428622984475112e+02
-2.506428622984475112e+02
-2.506428622984475112e+02
-2.506428622984475112e+02
-2.511985418343719516e+02
-2.511985418343719516e+02
-2.494351066484183832e+02
-2.493524398735036414e+02
-2.493606876623810535e+02
-2.500920478937710527e+02
-2.487337113901420764e+02
-2.487337113901420764e+02
-2.469856346349096725e+02
-2.469856346349096725e+02
-2.449462429469486722e+02
-2.425207517195633500e+02
-2.418534975192533523e+02
-2.445450574826113268e+02
-2.449876037647226497e+02
-2.453943687764595438e+02
-2.453825341803573679e+02
-2.468759233258569168e+02
-2.480052129823777705e+02
-2.474204249763263306e+02
-2.474204249763263306e+02
-2.474204249763263306e+02
-2.477967405918982706e+02
-2.466537566567948829e+02
-2.513253649609061711e+02
-2.511988115784871525e+02
-2.511988115784871525e+02
-2.507369689870201910e+02
-2.498486532050624191e+02
-2.501356029127789498e+02
-2.500292585518939177e+02
-2.454274566246204472e+02
-2.465529573993360941e+02
-2.427586098709006137e+02
-2.468429426317526634e+02
-2.477697648544858566e+02
-2.477697648544858566e+02
-2.477697648544858566e+02
-2.480564268580143903e+02
-2.480564268580143903e+02
-2.480564268580143903e+02
-2.480564268580143903e+02
-2.482219778157798658e+02
-2.493136834812802363e+02
-2.458867044327481892e+02
-2.480013338949119941e+02
-2.492851990291223387e+02
-2.495585203153818270e+02
-2.504978267462987560e+02
-2.504978267462987560e+02
-2.486254825310284104e+02
-2.486254825310284104e+02
-2.486254825310284104e+02
-2.462980791925557753e+02
-2.462980791925557753e+02
-2.456735207917604100e+02
-2.487877340345742141e+02
-2.498949051259660621e+02
-2.498949051259660621e+02
-2.499089263146096584e+02
-2.465381175459476992e+02
-2.501190739215248868e+02
-2.504374819293943517e+02
-2.499360944619345162e+02
-2.455345783593913040e+02
-2.445461345983288766e+02
-2.466998622656081466e+02
-2.478768792274790371e+02
-2.492519413097218148e+02
-2.490217429991497511e+02
-2.422546962439973868e+02
-2.489995210569158246e+02
-2.468852576065589801e+02
-2.417888369749292963e+02
-2.417888369749292963e+02
-2.442716086654207572e+02
-2.465059237116864210e+02
-2.513394086659772029e+02
-2.483289039668088094e+02
-2.503138857630256382e+02
-2.505660754373499515e+02
-2.513269805386067617e+02
-2.513269805386067617e+02
-2.513269805386067617e+02
-2.494765863106547101e+02
-2.487698979971831932e+02
-2.510437679552289296e+02
-2.510437679552289296e+02
-2.484646489595883168e+02
-2.506869122237283136e+02
-2.506869122237283136e+02
-2.506869122237283136e+02
-2.506869122237283136e+02
-2.497205500830362723e+02
-2.499058097184876033e+02
-2.472837915174084742e+02
-2.472837915174084742e+02
-2.472837915174084742e+02
-2.497336864593897872e+02
-2.517148467056956349e+02
-2.520186488748010731e+02
-2.521966539498443467e+02
-2.521966539498443467e+02
-2.500469219431465717e+02
-2.503924586266831511e+02
-2.494991387561417753e+02
-2.495638038841487969e+02
-2.475757719811148263e+02
-2.487691972319498177e+02
-2.486041211593512230e+02
-2.496713647210672775e+02
-2.496713647210672775e+02
-2.486521178812249104e+02
-2.486521178812249104e+02
-2.482124876788967640e+02
-2.481401496178136199e+02
-2.473601355212407213e+02
-2.478585042825659741e+02
-2.479486778562572056e+02
-2.479783598353891136e+02
-2.495174514252739755e+02
-2.503101977514477596e+02
-2.503101977514477596e+02
-2.455042584846409284e+02
-2.455042584846409284e+02
-2.428688694188765282e+02
-2.400026589604110256e+02
-2.426503536607415299e+02
-2.487433019793441531e+02
-2.478499926415632331e+02
-2.487692510515756794e+02
-2.503838188075087317e+02
-2.509342245325588010e+02
-2.509342245325588010e+02
-2.508699263748038675e+02
-2.508699263748038675e+02
-2.502195520447033630e+02
-2.503781606827031112e+02
-2.503781606827031112e+02
-2.500095850185180666e+02
-2.487959474460013212e+02
-2.492178679088856654e+02
-2.491700068362079037e+02
-2.491700068362079037e+02
-2.483667821223233432e+02
-2.483761454454163413e+02
-2.453423876348996089e+02
-2.437882598339143669e+02
-2.446074652764232269e+02
-2.452335318231407086e+02
-2.493637759186691198e+02
-2.494674091817300052e+02
-2.505058894817880457e+02
-2.497839611778571509e+02
-2.502906504296140326e+02
-2.502906504296140326e+02
-2.503695734363105316e+02
-2.501890230255411325e+02
-2.501890230255411325e+02
-2.499272161180571175e+02
-2.498724390738279624e+02
-2.498724390738279624e+02
-2.498724390738279624e+02
-2.462051847027657914e+02
-2.480013061827805245e+02
-2.480013061827805245e+02
-2.480013061827805245e+02
-2.494078420539059380e+02
-2.493434571889248730e+02
-2.493434571889248730e+02
-2.474016887076166142e+02
-2.437868287076119032e+02
-2.446892561007928464e+02
-2.463015988006956150e+02
-2.475920014780705856e+02
-2.474206833777278689e+02
-2.474206833777278689e+02
-2.450922967786531217e+02
-2.451052908670403667e+02
-2.449945196649744048e+02
-2.449945196649744048e+02
-2.449945196649744048e+02
-2.444459901109171369e+02
-2.446459095031518132e+02
-2.452027738132580907e+02
-2.437104341482015002e+02
-2.426996007205317198e+02
-2.398987946580933794e+02
-2.470389607875372633e+02
-2.470389607875372633e+02
-2.465867312366113424e+02
-2.491792809482387554e+02
-2.495968633806629668e+02
-2.487261287736408519e+02
-2.487261287736408519e+02
-2.487261287736408519e+02
-2.484346951093164080e+02
-2.488348996807655453e+02
-2.472298719260182907e+02
-2.473032573493367750e+02
-2.473088612821215975e+02
-2.471032194960407082e+02
-2.463378791616997319e+02
-2.462965446212396614e+02
-2.495150076110307964e+02
-2.495150076110307964e+02
-2.482840787039941119e+02
-2.485477297590766170e+02
-2.485477297590766170e+02
-2.485477297590766170e+02
-2.458782510483753754e+02
-2.458782510483753754e+02
-2.456239832274335413e+02
-2.465644551678474272e+02
-2.465644551678474272e+02
-2.471271276291354297e+02
-2.457199952885082155e+02
-2.474845328788962036e+02
-2.452424180565591314e+02
-2.431679774893779609e+02
-2.430604668101656785e+02
-2.491152253914553967e+02
-2.464601240587759321e+02
-2.448322139570090883e+02
-2.424367007540557495e+02
-2.463046850236798946e+02
-2.462057279100587266e+02
-2.469953706519823129e+02
-2.452396400650987971e+02
-2.465546378791986228e+02
-2.457148657956835223e+02
-2.462611146795884451e+02
-2.462611146795884451e+02
-2.462950757671191582e+02
-2.473899096404408624e+02
-2.464807917700546795e+02
-2.428792872021942344e+02
-2.483451032386356871e+02
-2.483451032386356871e+02
-2.502029563644085783e+02
-2.500321065652589141e+02
-2.504513750453649550e+02
-2.496724271132472666e+02
-2.482024434186972996e+02
-2.447926564993748002e+02
-2.480900849980833129e+02
-2.469195931714818641e+02
-2.446441534255779686e+02
-2.489862489478143743e+02
-2.480605850335960270e+02
-2.471511456329238570e+02
-2.490698791384563151e+02
-2.490698791384563151e+02
-2.454588308673423853e+02
-2.454588308673423853e+02
-2.447846828330459914e+02
-2.478178226733296015e+02
-2.484304499629891438e+02
-2.488106691398115515e+02
-2.493219622387792072e+02
-2.491863436911886538e+02
-2.489622161276825807e+02
-2.499878537832595384e+02
-2.480577987670965285e+02
-2.481083693783009494e+02
-2.481083693783009494e+02
-2.481083693783009494e+02
-2.481083693783009494e+02
-2.481083693783009494e+02
-2.481633449634916246e+02
-2.490652275038199548e+02
-2.490652275038199548e+02
-2.490652275038199548e+02
-2.490652275038199548e+02
-2.497559457780443495e+02
-2.459750682871229230e+02
-2.493547941980765756e+02
-2.492414211614780868e+02
-2.488790620419783579e+02
-2.488790620419783579e+02
-2.488790620419783579e+02
-2.464551409073879427e+02
-2.495893794045622087e+02
-2.495893794045622087e+02
-2.495893794045622087e+02
-2.487987191390334374e+02
-2.505275659506343118e+02
-2.449310045180342854e+02
-2.503683364714650565e+02
-2.527086172503960597e+02
-2.527009546643014346e+02
-2.524708248688894514e+02
-2.493588245256448772e+02
-2.493588245256448772e+02
-2.493588245256448772e+02
-2.504157914674556764e+02
-2.525874809244322705e+02
-2.471377434567212958e+02
-2.499651350845714717e+02
-2.499651350845714717e+02
-2.499651350845714717e+02
-2.495650461064323622e+02
-2.491074637528143967e+02
-2.496632950033184102e+02
-2.508057620546021838e+02
-2.504591646471589286e+02
-2.479718443016986384e+02
-2.479718443016986384e+02
-2.479718443016986384e+02
-2.479718443016986384e+02
-2.491523698047628841e+02
-2.491523698047628841e+02
-2.491523698047628841e+02
-2.455551956935003659e+02
-2.455551956935003659e+02
-2.412715752322627623e+02
-2.412715752322627623e+02
-2.418746779118866357e+02
-2.488241515495685121e+02
-2.488241515495685121e+02
-2.485930657446106693e+02
-2.492549609556180030e+02
-2.504254772676077607e+02
-2.504254772676077607e+02
-2.507566103235166679e+02
-2.492350045916707302e+02
-2.492350045916707302e+02
-2.510826300797592978e+02
-2.489297347156474132e+02
-2.510811908272333710e+02
-2.458775358063154499e+02
-2.454233394913868267e+02
-2.461004225603264786e+02
-2.451656041520313920e+02
-2.435873980269784624e+02
-2.445288945000369267e+02
-2.445288945000369267e+02
-2.445288945000369267e+02
-2.464164953236112297e+02
-2.476745316071953198e+02
-2.476458946062234645e+02
-2.407460005997705821e+02
-2.432281063782470767e+02
-2.451580561698763745e+02
-2.451580561698763745e+02
-2.443729246203267564e+02
-2.441970772615073884e+02
-2.428770157351704029e+02
-2.402925463870165572e+02
-2.444893557581935397e+02
-2.444893557581935397e+02
-2.444893557581935397e+02
-2.464633816533177253e+02
-2.451967285815987907e+02
-2.451967285815987907e+02
-2.438295166013209041e+02
-2.438295166013209041e+02
-2.446122423174822131e+02
-2.446122423174822131e+02
-2.433903197937194136e+02
-2.433903197937194136e+02
-2.452777159551030195e+02
-2.448040687651294149e+02
-2.448040687651294149e+02
-2.414468815072251004e+02
-2.421308406348710491e+02
-2.394649216608496545e+02
-2.394649216608496545e+02
-2.392787492684500990e+02
-2.415020916230495232e+02
-2.419150257936082369e+02
-2.418851347676439616e+02
-2.429127815378006972e+02
-2.421985706875330493e+02
-2.421985706875330493e+02
-2.394397475842008873e+02
-2.408154934469625914e+02
-2.430313693895147651e+02
-2.464572823042582570e+02
-2.495514232046018037e+02
-2.465540951452557294e+02
-2.463953428959553378e+02
-2.467512414607065239e+02
-2.477730318716577926e+02
-2.477730318716577926e+02
-2.479210694819815899e+02
-2.431585484142238442e+02
-2.431585484142238442e+02
-2.459207790523766448e+02
-2.458393573776209848e+02
-2.458579915984230411e+02
-2.462173335440340907e+02
-2.462173335440340907e+02
-2.476442227680014980e+02
-2.515098908725852880e+02
-2.495558373135853003e+02
-2.478083218379407811e+02
-2.501132963712070421e+02
-2.501132963712070421e+02
-2.501132963712070421e+02
-2.500848451990648016e+02
-2.487298632648000591e+02
-2.480873345692227474e+02
-2.502241398174124072e+02
-2.503799854581498039e+02
-2.503799854581498039e+02
-2.503799854581498039e+02
-2.487115319686953399e+02
-2.492333355188027895e+02
-2.485013697039659348e+02
-2.462422913140657954e+02
-2.465818092625356996e+02
-2.519228991451259105e+02
-2.480168098243507586e+02
-2.501109352885178794e+02
-2.470449033314397127e+02
-2.490582828834359077e+02
-2.490582828834359077e+02
-2.492814273721672578e+02
-2.486984062764427108e+02
-2.490816195362674819e+02
-2.490816195362674819e+02
-2.492473928665726248e+02
-2.479949968395663973e+02
-2.491449768083529364e+02
-2.489321787500189203e+02
-2.489321787500189203e+02
-2.487191164368556997e+02
-2.487191164368556997e+02
-2.362276879187884333e+02
-2.373399021395652824e+02
-2.383082701666742764e+02
-2.397017304153774546e+02
-2.383303603164429205e+02
-2.383303603164429205e+02
-2.387192265265751416e+02
-2.411704241767252483e+02
-2.411704241767252483e+02
-2.375820066577153113e+02
-2.403494044830327425e+02
-2.403494044830327425e+02
-2.469351802353112930e+02
-2.482058835711168001e+02
-2.519554984801063995e+02
-2.513323385186806718e+02
-2.522413998742883905e+02
-2.521528211841387304e+02
-2.506909201313786468e+02
-2.500929492552648981e+02
-2.486067532916540870e+02
-2.482051470442762025e+02
-2.477968025851336051e+02
-2.500074986758654632e+02
-2.500074986758654632e+02
-2.481840381951603547e+02
-2.485228495083064217e+02
-2.485228495083064217e+02
-2.488391872508471465e+02
-2.488391872508471465e+02
-2.488391872508471465e+02
-2.488391872508471465e+02
-2.473808732554043104e+02
-2.518160848534723755e+02
-2.508552109468000140e+02
-2.510555816759087691e+02
-2.514435745952614809e+02
-2.514435745952614809e+02
-2.509589714573331776e+02
-2.487347682808813545e+02
-2.499930751678640775e+02
-2.499930751678640775e+02
-2.502014087335191448e+02
-2.516823355468904140e+02
-2.522689646039086711e+02
-2.522689646039086711e+02
-2.517047560927562984e+02
-2.517047560927562984e+02
-2.517047560927562984e+02
-2.495349367104486760e+02
-2.491906376261820810e+02
-2.496444935077955734e+02
-2.496444935077955734e+02
-2.490349293381507891e+02
-2.496143863388509203e+02
-2.514234291498270011e+02
-2.513094206886007669e+02
-2.496134929290599871e+02
-2.499962162283919156e+02
-2.482061388470503402e+02
-2.509108117549659482e+02
-2.512301884291285887e+02
-2.503779303082635579e+02
-2.503779303082635579e+02
-2.489228407419542464e+02
-2.489228407419542464e+02
-2.485168251968395907e+02
-2.510105582119963117e+02
-2.510105582119963117e+02
-2.510105582119963117e+02
-2.513559788177477969e+02
-2.488448879085722183e+02
-2.477561061531548887e+02
-2.495842466028116178e+02
-2.493904466491690357e+02
-2.493904466491690357e+02
-2.509151845896444115e+02
-2.493886943686607083e+02
-2.478949144503934008e+02
-2.478949144503934008e+02
-2.488024942954725418e+02
-2.497509344013811301e+02
-2.495657625272762061e+02
-2.495657625272762061e+02
-2.471763888828953100e+02
-2.424751806119125774e+02
-2.444203792855102506e+02
-2.439939392208351023e+02
-2.464688179083815953e+02
-2.464688179083815953e+02
-2.428904392254100912e+02
-2.445973354488550910e+02
-2.424241571834814977e+02
-2.408502532961168185e+02
-2.368670688935736450e+02
-2.374716444527259682e+02
-2.370175857090782472e+02
-2.370175857090782472e+02
-2.370175857090782472e+02
-2.400193571172335965e+02
-2.400193571172335965e+02
-2.425677997195648175e+02
-2.425677997195648175e+02
-2.481830063397974016e+02
-2.496469445594992180e+02
-2.475089342697546897e+02
-2.475089342697546897e+02
-2.448266025490162008e+02
-2.442447046745250532e+02
-2.454330712053116486e+02
-2.479753856750828618e+02
-2.510181682196375164e+02
-2.492538948246598522e+02
-2.498606087653647592e+02
-2.498606087653647592e+02
-2.519051950672020439e+02
-2.526885930268382197e+02
-2.520679538631771663e+02
-2.519888226837254024e+02
-2.520251609437573279e+02
-2.520251609437573279e+02
-2.520251609437573279e+02
-2.495635835761949011e+02
-2.477048121463305677e+02
-2.498142839392519932e+02
-2.496386289940436995e+02
-2.496386289940436995e+02
-2.500871596806803154e+02
-2.485761334895319692e+02
-2.485761334895319692e+02
-2.493996973428243962e+02
-2.494586030656699904e+02
-2.498351298705950398e+02
-2.510434603171981394e+02
-2.515060154356153816e+02
-2.516835307607105108e+02
-2.470737670782224882e+02
-2.505807601658730164e+02
-2.505807601658730164e+02
-2.458798250232000271e+02
-2.478681698739632111e+02
-2.478681698739632111e+02
-2.510042320534400915e+02
-2.508106719664177433e+02
-2.500125067656665294e+02
-2.493870927343554342e+02
-2.464653219097789361e+02
-2.490563682460771417e+02
-2.494918886666845026e+02
-2.491777538159174696e+02
-2.493108881928299354e+02
-2.512689042031929887e+02
-2.514979521999612189e+02
-2.518537759299043159e+02
-2.518537759299043159e+02
-2.518335155876635270e+02
-2.518335155876635270e+02
-2.447435724395205057e+02
-2.447435724395205057e+02
-2.436875827539321335e+02
-2.436875827539321335e+02
-2.443393078295167982e+02
-2.427870877821196700e+02
-2.473299177400024007e+02
-2.449849358624962292e+02
-2.447370612202603866e+02
-2.512252438707386091e+02
-2.507916422437762378e+02
-2.507459301761680308e+02
-2.489027085803261912e+02
-2.489027085803261912e+02
-2.489027085803261912e+02
-2.506206330796345583e+02
-2.506206330796345583e+02
-2.505715174064151824e+02
-2.504449681874536395e+02
-2.504449681874536395e+02
-2.489960424334217919e+02
-2.478904124750965252e+02
-2.478904124750965252e+02
-2.499323467379099384e+02
-2.499048831197218306e+02
-2.494662039388661015e+02
-2.494662039388661015e+02
-2.498509770690905043e+02
-2.493066058715416204e+02
-2.495096027296693251e+02
-2.492628473691889042e+02
-2.492241621344527687e+02
-2.492241621344527687e+02
-2.475690832624216000e+02
-2.475690832624216000e+02
-2.463304672015616177e+02
-2.469775192309816134e+02
-2.466203484366607483e+02
-2.476756013930251754e+02
-2.435104533463599239e+02
-2.447805985140348923e+02
-2.465951203090693014e+02
-2.430922709529048120e+02
-2.406163832074460345e+02
-2.431105752017386692e+02
-2.446716331295223767e+02
-2.450192245845334753e+02
-2.444272900608525561e+02
-2.440955877451456502e+02
-2.407275442851984053e+02
-2.422946775530595573e+02
-2.416192921817624324e+02
-2.390807936449864712e+02
-2.396654831544216222e+02
-2.379164361816915232e+02
-2.379164361816915232e+02
-2.379164361816915232e+02
-2.381895244077590519e+02
-2.327165590014359964e+02
-2.327165590014359964e+02
-2.416683418935505756e+02
-2.416683418935505756e+02
-2.420414098388092157e+02
-2.409275538702350730e+02
-2.409891877628219845e+02
-2.409891877628219845e+02
-2.435648115742985453e+02
-2.451735746074622284e+02
-2.451735746074622284e+02
-2.468784261279504619e+02
-2.475319700107632741e+02
-2.452574555109960386e+02
-2.452574555109960386e+02
-2.455030607338470077e+02
-2.445644169374958210e+02
-2.453322556985124265e+02
-2.453923168099225336e+02
-2.437006296968424692e+02
-2.409654989973315651e+02
-2.408497694826534996e+02
-2.408497694826534996e+02
-2.416643451112333878e+02
-2.428670386822595617e+02
-2.419420573506599794e+02
-2.429962553594629355e+02
-2.428038232677667736e+02
-2.445756390676829994e+02
-2.445756390676829994e+02
-2.425163801079620782e+02
-2.447521206365081810e+02
-2.447521206365081810e+02
-2.435919388264511269e+02
-2.435919388264511269e+02
-2.435919388264511269e+02
-2.446351932882563176e+02
-2.443657340269633664e+02
-2.451559530684561423e+02
-2.486587996861290435e+02
-2.486587996861290435e+02
-2.480207889495314930e+02
-2.480207889495314930e+02
-2.480207889495314930e+02
-2.480629552296741736e+02
-2.480629552296741736e+02
-2.478366358982952988e+02
-2.446535651154089237e+02
-2.424362377306347582e+02
-2.436735439488381871e+02
-2.436735439488381871e+02
-2.438111765625606324e+02
-2.439960593745195752e+02
-2.439257513006712372e+02
-2.437342260275827073e+02
-2.435723063689235630e+02
-2.430143177685018827e+02
-2.434131590451921170e+02
-2.425470970961637818e+02
-2.425470970961637818e+02
-2.425470970961637818e+02
-2.456973089157050367e+02
-2.456973089157050367e+02
-2.467521898440739960e+02
-2.467521898440739960e+02
-2.467521898440739960e+02
-2.449839073656937103e+02
-2.449839073656937103e+02
-2.452680882540777532e+02
-2.452680882540777532e+02
-2.439465219096753117e+02
-2.443172583143366694e+02
-2.421399567933479773e+02
-2.421399567933479773e+02
-2.421399567933479773e+02
-2.421399567933479773e+02
-2.422260248144620789e+02
-2.444380931122965421e+02
-2.444380931122965421e+02
-2.441070743629120443e+02
-2.441070743629120443e+02
-2.448239729664938977e+02
-2.445804663470773903e+02
-2.421915428223192635e+02
-2.351086204065389609e+02
-2.371890337490117133e+02
-2.355634486652805037e+02
-2.355634486652805037e+02
-2.369160370470132193e+02
-2.369160370470132193e+02
-2.370257750680831634e+02
-2.375333766914033333e+02
-2.385016495817041005e+02
-2.385016495817041005e+02
-2.423437025928575110e+02
-2.423437025928575110e+02
-2.387455593033351136e+02
-2.434762797984782878e+02
-2.417466302691753128e+02
-2.395723513138586611e+02
-2.395723513138586611e+02
-2.404636402323054654e+02
-2.373933045332877612e+02
-2.407035091246160050e+02
-2.399786579684183607e+02
-2.378021613895522535e+02
-2.463277441306270248e+02
-2.463611693467181567e+02
-2.451365391668018106e+02
-2.466194120344554221e+02
-2.466194120344554221e+02
-2.466194120344554221e+02
-2.430910697713186437e+02
-2.447067854775754938e+02
-2.447067854775754938e+02
-2.447067854775754938e+02
-2.450992217081228262e+02
-2.425162018587101329e+02
-2.417341670186825979e+02
-2.417341670186825979e+02
-2.405392309026285034e+02
-2.461305375596280953e+02
-2.447925705261770020e+02
-2.477089871499408389e+02
-2.480773958130906465e+02
-2.480530601538018516e+02
-2.480530601538018516e+02
-2.467184062234561566e+02
-2.478787540674464935e+02
-2.469808517989332586e+02
-2.492814869857893996e+02
-2.465710167103558774e+02
-2.473908168473703597e+02
-2.481338704665873536e+02
