# Variable: R0
# Sample shape: (2000,)
# Date: 2018-03-08 10:52:56.796361
1.002888289558807600e+00
1.002888289558807600e+00
1.002888289558807600e+00
1.002888289558807600e+00
1.002888289558807600e+00
1.005353914331682530e+00
1.002544355855979674e+00
1.004085596799343172e+00
1.004085596799343172e+00
1.004085596799343172e+00
1.004085596799343172e+00
1.003271082183262664e+00
1.003271082183262664e+00
1.003271082183262664e+00
1.003271082183262664e+00
1.003271082183262664e+00
1.003271082183262664e+00
1.003271082183262664e+00
1.003271082183262664e+00
1.003271082183262664e+00
1.003271082183262664e+00
1.003271082183262664e+00
1.003271082183262664e+00
1.001835653794540759e+00
1.001835653794540759e+00
1.001835653794540759e+00
1.001835653794540759e+00
1.001835653794540759e+00
1.001835653794540759e+00
1.001835653794540759e+00
1.006532312101990900e+00
1.004521533389338694e+00
1.004521533389338694e+00
1.004521533389338694e+00
1.002757053228899631e+00
1.002757053228899631e+00
1.006916465446177966e+00
1.006916465446177966e+00
1.006916465446177966e+00
1.006916465446177966e+00
1.006916465446177966e+00
1.006916465446177966e+00
1.006916465446177966e+00
1.006916465446177966e+00
1.006916465446177966e+00
1.006916465446177966e+00
1.006916465446177966e+00
1.006916465446177966e+00
1.003392864153916042e+00
1.003392864153916042e+00
1.006595034660641375e+00
1.001929600910318019e+00
1.001929600910318019e+00
1.001929600910318019e+00
1.001355024807819127e+00
1.001355024807819127e+00
1.001009919350344335e+00
1.004248526869857328e+00
1.004248526869857328e+00
1.005843308431966232e+00
1.005843308431966232e+00
1.005843308431966232e+00
1.005843308431966232e+00
1.005843308431966232e+00
1.005843308431966232e+00
1.005843308431966232e+00
1.005843308431966232e+00
1.000881061091647650e+00
1.000881061091647650e+00
1.000881061091647650e+00
1.000881061091647650e+00
1.000881061091647650e+00
1.000881061091647650e+00
1.003570912844149232e+00
1.003570912844149232e+00
1.003570912844149232e+00
1.003570912844149232e+00
1.003570912844149232e+00
1.008042035395924962e+00
1.001427798722652751e+00
1.004705082357553403e+00
1.004705082357553403e+00
1.004705082357553403e+00
1.004705082357553403e+00
1.004705082357553403e+00
1.004705082357553403e+00
1.004705082357553403e+00
1.004705082357553403e+00
1.004705082357553403e+00
1.004705082357553403e+00
1.009319441198899492e+00
1.006576598546187862e+00
1.006576598546187862e+00
1.006576598546187862e+00
1.003725332176588880e+00
1.003725332176588880e+00
1.003725332176588880e+00
1.001606734561195422e+00
1.000226788790216093e+00
1.000226788790216093e+00
9.997402680433191691e-01
1.006904854809244299e+00
1.006904854809244299e+00
1.006904854809244299e+00
1.006904854809244299e+00
1.006904854809244299e+00
1.006904854809244299e+00
1.006904854809244299e+00
1.006904854809244299e+00
1.006904854809244299e+00
1.006904854809244299e+00
1.003256066248494616e+00
1.003256066248494616e+00
1.003256066248494616e+00
1.002068358003331161e+00
1.002068358003331161e+00
1.002068358003331161e+00
1.002068358003331161e+00
1.002068358003331161e+00
1.002502093068571520e+00
1.002103105541034989e+00
1.002103105541034989e+00
1.002103105541034989e+00
1.002103105541034989e+00
1.004327134041034020e+00
1.004327134041034020e+00
1.004327134041034020e+00
1.004327134041034020e+00
1.001328080663935749e+00
1.002341540972669476e+00
1.004677728837565898e+00
1.004677728837565898e+00
1.004677728837565898e+00
1.005523153979234641e+00
1.005523153979234641e+00
1.005523153979234641e+00
1.003846755214688802e+00
1.005870258941028439e+00
1.005870258941028439e+00
1.002015492590330847e+00
1.002015492590330847e+00
1.002015492590330847e+00
1.002015492590330847e+00
1.002015492590330847e+00
1.003656326823916034e+00
1.000310542705032724e+00
1.000310542705032724e+00
1.000310542705032724e+00
1.000310542705032724e+00
1.002530578036331388e+00
1.002530578036331388e+00
1.002530578036331388e+00
1.002530578036331388e+00
1.002530578036331388e+00
1.002530578036331388e+00
1.001098973058081043e+00
1.001098973058081043e+00
1.001098973058081043e+00
1.005881056023832043e+00
1.005881056023832043e+00
1.005881056023832043e+00
1.003414365449937007e+00
1.001234463487310933e+00
1.001234463487310933e+00
1.001234463487310933e+00
1.001234463487310933e+00
1.001234463487310933e+00
1.001234463487310933e+00
1.006029446116954107e+00
1.006029446116954107e+00
1.006029446116954107e+00
1.006029446116954107e+00
1.002992436501840778e+00
1.002267766085195522e+00
1.002267766085195522e+00
1.002267766085195522e+00
1.002267766085195522e+00
1.002021161917361347e+00
1.002021161917361347e+00
1.002021161917361347e+00
1.002021161917361347e+00
1.002021161917361347e+00
1.002021161917361347e+00
1.002021161917361347e+00
1.002811902089093543e+00
1.002811902089093543e+00
1.001776222829031671e+00
1.001776222829031671e+00
1.001776222829031671e+00
1.001776222829031671e+00
1.001776222829031671e+00
1.001540253574297212e+00
1.001540253574297212e+00
1.006655031891464658e+00
1.006655031891464658e+00
1.006655031891464658e+00
1.006655031891464658e+00
1.006655031891464658e+00
1.001390315049713209e+00
1.003521277235817077e+00
1.003521277235817077e+00
1.002769701297457239e+00
1.003934664242129626e+00
1.004401130027059663e+00
1.004401130027059663e+00
1.004401130027059663e+00
1.004401130027059663e+00
1.002706514473280075e+00
1.002706514473280075e+00
1.000508109053677819e+00
1.000508109053677819e+00
9.999609408049690007e-01
9.999609408049690007e-01
9.999609408049690007e-01
9.999609408049690007e-01
1.007406123665950171e+00
1.003760045701912684e+00
1.003220290680048921e+00
1.000935120575646486e+00
1.000935120575646486e+00
1.000935120575646486e+00
1.004485284104663423e+00
1.004485284104663423e+00
1.004485284104663423e+00
1.004485284104663423e+00
1.004485284104663423e+00
1.004485284104663423e+00
1.004485284104663423e+00
1.004485284104663423e+00
1.003744221157473193e+00
1.003744221157473193e+00
1.003744221157473193e+00
1.005875073813340626e+00
1.002045309994502587e+00
1.002045309994502587e+00
1.000818671512741176e+00
1.002307220304968771e+00
1.002307220304968771e+00
1.002662763424532866e+00
1.002662763424532866e+00
1.002662763424532866e+00
1.002662763424532866e+00
1.002662763424532866e+00
1.002662763424532866e+00
9.998397575717125063e-01
9.998397575717125063e-01
1.003169864104215936e+00
1.003169864104215936e+00
1.006545890214093797e+00
1.006545890214093797e+00
1.006545890214093797e+00
1.004345060691296254e+00
1.004345060691296254e+00
1.004345060691296254e+00
1.004345060691296254e+00
1.001279795493652980e+00
1.001279795493652980e+00
1.001279795493652980e+00
1.001279795493652980e+00
1.001279795493652980e+00
1.001279795493652980e+00
1.001279795493652980e+00
1.001279795493652980e+00
1.001279795493652980e+00
1.001279795493652980e+00
1.001279795493652980e+00
1.001279795493652980e+00
1.002874272445801962e+00
1.002874272445801962e+00
1.001557339247635570e+00
1.001557339247635570e+00
1.001557339247635570e+00
1.002441147465464200e+00
1.002441147465464200e+00
1.002441147465464200e+00
1.002441147465464200e+00
1.002441147465464200e+00
1.001418248780090003e+00
1.001418248780090003e+00
1.001418248780090003e+00
1.001418248780090003e+00
1.001418248780090003e+00
1.001418248780090003e+00
1.001901938939101067e+00
1.003198317246871918e+00
1.003198317246871918e+00
1.003198317246871918e+00
1.003198317246871918e+00
1.006422777252837797e+00
1.006422777252837797e+00
1.004665560422135506e+00
1.004665560422135506e+00
1.003142343349798793e+00
1.003142343349798793e+00
1.003142343349798793e+00
1.003142343349798793e+00
1.002452473660546017e+00
1.002452473660546017e+00
1.002452473660546017e+00
1.002452473660546017e+00
1.002452473660546017e+00
1.002452473660546017e+00
1.004161382845242034e+00
1.004161140783317530e+00
1.004243950084926729e+00
1.004243950084926729e+00
1.002415696913226295e+00
1.002415696913226295e+00
1.002415696913226295e+00
1.002415696913226295e+00
1.006658112645510750e+00
1.000971636230416406e+00
1.000971636230416406e+00
1.000971636230416406e+00
1.000971636230416406e+00
1.000971636230416406e+00
9.994479688337779555e-01
1.005698757549173150e+00
1.005698757549173150e+00
1.003561523917432252e+00
1.003316466273213692e+00
1.003316466273213692e+00
1.001847138332992770e+00
1.001847138332992770e+00
1.005841576411929950e+00
1.005841576411929950e+00
1.005841576411929950e+00
1.002584437301107911e+00
1.002584437301107911e+00
1.002584437301107911e+00
1.001038059625879884e+00
1.001038059625879884e+00
1.001038059625879884e+00
1.001038059625879884e+00
1.001038059625879884e+00
1.001038059625879884e+00
1.001038059625879884e+00
1.001038059625879884e+00
1.001038059625879884e+00
1.001038059625879884e+00
1.001038059625879884e+00
1.001038059625879884e+00
1.001038059625879884e+00
1.001038059625879884e+00
1.001038059625879884e+00
1.001038059625879884e+00
1.001038059625879884e+00
1.001038059625879884e+00
1.001038059625879884e+00
1.000541657430174203e+00
1.003536562073264804e+00
1.001722166408233194e+00
1.001722166408233194e+00
1.001722166408233194e+00
1.001722166408233194e+00
1.001722166408233194e+00
1.003419014474546733e+00
1.002660609406139436e+00
1.002660609406139436e+00
1.002660609406139436e+00
1.002660609406139436e+00
1.005185873812141528e+00
1.005703383570891063e+00
1.005703383570891063e+00
1.005703383570891063e+00
1.005703383570891063e+00
1.005703383570891063e+00
1.005703383570891063e+00
1.005703383570891063e+00
1.003562661701567826e+00
1.003562661701567826e+00
1.003562661701567826e+00
1.003562661701567826e+00
1.002822725372904733e+00
1.002822725372904733e+00
1.001545425179757087e+00
1.003525809508831745e+00
1.003525809508831745e+00
1.003525809508831745e+00
1.003525809508831745e+00
1.003525809508831745e+00
1.003525809508831745e+00
1.003525809508831745e+00
1.003525809508831745e+00
1.003525809508831745e+00
1.004437836929779060e+00
1.004959579778979206e+00
1.004959579778979206e+00
1.003528324858768972e+00
1.002335042515710928e+00
1.002335042515710928e+00
1.002335042515710928e+00
1.002335042515710928e+00
1.002335042515710928e+00
1.002335042515710928e+00
1.002335042515710928e+00
1.002335042515710928e+00
1.002335042515710928e+00
1.002335042515710928e+00
1.003965718503735838e+00
1.004631886853455169e+00
1.004631886853455169e+00
1.004631886853455169e+00
1.002924736071532985e+00
1.002924736071532985e+00
1.002924736071532985e+00
1.002924736071532985e+00
1.002924736071532985e+00
1.002924736071532985e+00
1.002924736071532985e+00
1.002924736071532985e+00
1.002924736071532985e+00
9.998727964513295374e-01
9.998727964513295374e-01
9.998727964513295374e-01
9.998727964513295374e-01
1.001021632510719073e+00
1.001021632510719073e+00
1.001021632510719073e+00
1.001021632510719073e+00
1.004590804915360014e+00
1.004590804915360014e+00
1.004590804915360014e+00
1.004590804915360014e+00
1.004590804915360014e+00
1.006238546782669108e+00
1.001951276188592477e+00
1.001951276188592477e+00
1.001951276188592477e+00
1.001951276188592477e+00
1.001951276188592477e+00
1.001951276188592477e+00
1.001951276188592477e+00
1.001951276188592477e+00
1.001951276188592477e+00
1.005313095259554146e+00
1.005313095259554146e+00
1.005082885074287224e+00
1.003800482520956550e+00
1.000970996686895154e+00
1.006137950672072012e+00
1.006369546996048303e+00
1.003958439783884105e+00
1.003958439783884105e+00
1.003958439783884105e+00
1.003958439783884105e+00
1.006199004421386878e+00
1.007879722517492027e+00
1.006232230999226651e+00
1.006232230999226651e+00
1.001680129615141412e+00
1.003817717626546591e+00
1.003817717626546591e+00
1.002235537812170785e+00
1.002235537812170785e+00
1.002235537812170785e+00
1.005374959562865378e+00
1.005374959562865378e+00
1.005226908899741645e+00
1.005226908899741645e+00
1.005226908899741645e+00
1.002730117827351108e+00
1.001908401045737973e+00
1.001908401045737973e+00
1.001908401045737973e+00
1.001908401045737973e+00
1.001908401045737973e+00
1.000984939882266112e+00
1.000984939882266112e+00
1.000984939882266112e+00
1.000984939882266112e+00
1.000984939882266112e+00
1.000984939882266112e+00
1.000984939882266112e+00
1.000984939882266112e+00
1.000984939882266112e+00
1.000984939882266112e+00
1.004996644531864103e+00
1.005671374870627410e+00
1.000711365741603132e+00
1.003276160823616481e+00
1.003276160823616481e+00
1.003276160823616481e+00
1.003276160823616481e+00
1.003276160823616481e+00
1.003276160823616481e+00
1.003276160823616481e+00
1.003276160823616481e+00
1.003276160823616481e+00
1.003276160823616481e+00
1.003276160823616481e+00
1.003276160823616481e+00
1.003276160823616481e+00
1.003276160823616481e+00
1.003276160823616481e+00
1.003276160823616481e+00
1.003632168013483206e+00
1.003223496085208444e+00
1.003223496085208444e+00
1.004291923843731338e+00
1.004291923843731338e+00
1.001113052130852443e+00
1.001814744498775500e+00
1.001814744498775500e+00
1.001814744498775500e+00
1.001814744498775500e+00
1.001814744498775500e+00
1.001814744498775500e+00
1.001814744498775500e+00
1.000865502174999699e+00
1.000865502174999699e+00
1.000865502174999699e+00
1.002842888442343705e+00
1.002842888442343705e+00
1.002842888442343705e+00
1.002842888442343705e+00
1.002842888442343705e+00
1.002842888442343705e+00
1.004168853811711504e+00
1.004168853811711504e+00
1.004168853811711504e+00
1.004168853811711504e+00
1.004168853811711504e+00
1.004168853811711504e+00
1.000791120627141151e+00
1.000791120627141151e+00
1.000791120627141151e+00
1.000791120627141151e+00
1.000791120627141151e+00
1.000791120627141151e+00
1.000791120627141151e+00
1.000791120627141151e+00
9.997157238160963022e-01
9.997157238160963022e-01
9.997157238160963022e-01
1.000786507454075158e+00
1.000786507454075158e+00
1.000786507454075158e+00
1.000786507454075158e+00
1.000786507454075158e+00
1.002130292983592907e+00
1.002130292983592907e+00
1.002130292983592907e+00
1.002130292983592907e+00
1.004866056451535483e+00
1.004866056451535483e+00
1.003624827978899292e+00
1.003624827978899292e+00
1.003624827978899292e+00
1.003624827978899292e+00
1.003624827978899292e+00
1.004033570649695006e+00
1.004033570649695006e+00
1.004033570649695006e+00
1.004033570649695006e+00
1.004033570649695006e+00
1.001560883011444636e+00
1.001560883011444636e+00
1.001560883011444636e+00
1.001560883011444636e+00
1.001560883011444636e+00
1.001560883011444636e+00
1.001649263325137929e+00
1.001649263325137929e+00
9.995616014726150800e-01
1.006373717935057810e+00
1.006373717935057810e+00
1.006373717935057810e+00
1.006373717935057810e+00
1.006373717935057810e+00
1.006373717935057810e+00
1.006459593152729814e+00
1.006459593152729814e+00
1.006459593152729814e+00
1.002339095921318313e+00
1.002339095921318313e+00
1.002339095921318313e+00
1.001624341106113869e+00
1.009198494404930813e+00
1.008437807871884528e+00
1.008581530225576506e+00
1.008581530225576506e+00
1.008581530225576506e+00
1.008581530225576506e+00
1.004526973135345891e+00
1.007263989732115173e+00
1.007263989732115173e+00
1.007263989732115173e+00
1.007263989732115173e+00
1.003799636179290022e+00
1.003799636179290022e+00
1.003799636179290022e+00
1.003799636179290022e+00
1.003799636179290022e+00
1.003799636179290022e+00
1.003799636179290022e+00
1.003649937412326443e+00
1.003649937412326443e+00
1.003649937412326443e+00
1.003649937412326443e+00
1.003649937412326443e+00
1.003649937412326443e+00
1.003649937412326443e+00
1.003649937412326443e+00
1.003649937412326443e+00
1.003649937412326443e+00
1.003649937412326443e+00
1.003649937412326443e+00
1.003649937412326443e+00
1.003042265935098820e+00
1.003042265935098820e+00
1.003042265935098820e+00
1.006513161238880905e+00
1.006513161238880905e+00
1.006513161238880905e+00
1.005163242541377899e+00
1.005163242541377899e+00
1.005163242541377899e+00
1.005163242541377899e+00
1.005264837264198574e+00
1.005202304179497075e+00
1.004797023680102264e+00
1.004797023680102264e+00
1.004797023680102264e+00
1.004797023680102264e+00
1.004797023680102264e+00
1.004797023680102264e+00
1.004797023680102264e+00
1.004797023680102264e+00
1.003834469890895642e+00
1.003834469890895642e+00
1.003834469890895642e+00
1.003834469890895642e+00
1.003834469890895642e+00
1.003834469890895642e+00
1.003834469890895642e+00
1.003834469890895642e+00
1.005136015550726514e+00
1.007404672362372411e+00
1.007404672362372411e+00
1.006570500283726188e+00
1.006570500283726188e+00
1.006570500283726188e+00
1.006570500283726188e+00
1.006570500283726188e+00
1.006570500283726188e+00
1.006570500283726188e+00
1.006570500283726188e+00
1.006570500283726188e+00
1.006495523001728509e+00
1.003193416572805141e+00
1.003193416572805141e+00
1.003193416572805141e+00
1.007210985745161880e+00
9.988282844767968349e-01
9.988282844767968349e-01
9.988282844767968349e-01
9.999875463434825251e-01
1.006735594155029778e+00
1.006735594155029778e+00
1.006735594155029778e+00
1.006735594155029778e+00
1.006735594155029778e+00
1.006356076021873491e+00
1.006356076021873491e+00
1.003176798267899184e+00
1.003176798267899184e+00
1.003176798267899184e+00
1.003176798267899184e+00
1.003176798267899184e+00
1.003176798267899184e+00
1.003176798267899184e+00
1.003176798267899184e+00
1.003176798267899184e+00
1.002478480882268208e+00
1.002478480882268208e+00
1.002478480882268208e+00
1.000997883833437019e+00
1.000997883833437019e+00
1.000997883833437019e+00
1.000997883833437019e+00
1.002029567290092071e+00
1.002029567290092071e+00
1.002318212291598787e+00
1.002318212291598787e+00
1.002318212291598787e+00
1.002318212291598787e+00
1.002318212291598787e+00
1.002318212291598787e+00
1.002318212291598787e+00
1.002318212291598787e+00
1.002318212291598787e+00
1.002318212291598787e+00
1.002318212291598787e+00
1.002318212291598787e+00
1.002318212291598787e+00
1.002318212291598787e+00
1.001071240457300338e+00
1.001071240457300338e+00
1.001071240457300338e+00
1.001071240457300338e+00
1.001071240457300338e+00
1.001071240457300338e+00
1.001071240457300338e+00
1.001071240457300338e+00
1.001071240457300338e+00
1.001071240457300338e+00
1.001071240457300338e+00
1.003289655821437920e+00
1.002653095560815499e+00
1.002653095560815499e+00
1.002653095560815499e+00
1.002653095560815499e+00
1.002653095560815499e+00
1.002653095560815499e+00
1.002653095560815499e+00
1.002653095560815499e+00
1.002653095560815499e+00
1.002653095560815499e+00
1.002653095560815499e+00
1.002653095560815499e+00
1.002653095560815499e+00
1.002653095560815499e+00
1.006254073130039339e+00
1.006254073130039339e+00
1.005314222121331147e+00
1.000653715555464007e+00
1.003120146759437725e+00
1.003120146759437725e+00
1.003120146759437725e+00
1.003120146759437725e+00
1.003120146759437725e+00
1.005817458771814499e+00
1.005817458771814499e+00
1.003643482893118666e+00
1.003251060883634915e+00
1.003251060883634915e+00
1.003251060883634915e+00
1.003251060883634915e+00
1.003251060883634915e+00
1.002511428871956545e+00
1.002511428871956545e+00
1.002511428871956545e+00
1.002629008141231681e+00
1.002447837861498936e+00
1.002447837861498936e+00
1.002447837861498936e+00
1.002447837861498936e+00
1.002447837861498936e+00
1.001158286364963512e+00
1.001158286364963512e+00
1.000631678117082757e+00
1.000631678117082757e+00
1.000631678117082757e+00
1.002684401699152739e+00
1.002684401699152739e+00
1.002684401699152739e+00
1.002355406568590457e+00
1.002355406568590457e+00
1.002355406568590457e+00
1.002355406568590457e+00
1.002355406568590457e+00
1.002355406568590457e+00
1.002355406568590457e+00
1.003401933433352156e+00
1.003401933433352156e+00
1.003401933433352156e+00
1.003401933433352156e+00
1.003401933433352156e+00
1.003401933433352156e+00
1.003401933433352156e+00
1.003401933433352156e+00
1.003401933433352156e+00
1.003401933433352156e+00
1.003401933433352156e+00
1.004569857527340959e+00
1.003296255005919013e+00
1.003296255005919013e+00
1.003296255005919013e+00
1.004931376691120093e+00
1.004357272678414459e+00
1.004357272678414459e+00
1.004357272678414459e+00
1.004357272678414459e+00
1.004357272678414459e+00
1.004357272678414459e+00
1.004357272678414459e+00
1.004357272678414459e+00
1.004378247252758483e+00
1.004378247252758483e+00
1.006003356052731501e+00
1.006003356052731501e+00
1.006003356052731501e+00
1.006003356052731501e+00
1.001761046820041745e+00
1.001783960732231415e+00
1.003482228764192685e+00
1.003482228764192685e+00
1.003652913598664487e+00
1.003652913598664487e+00
1.003652913598664487e+00
1.003652913598664487e+00
1.003652913598664487e+00
1.003652913598664487e+00
1.003652913598664487e+00
1.003652913598664487e+00
1.003652913598664487e+00
1.003652913598664487e+00
1.003652913598664487e+00
1.003652913598664487e+00
1.003652913598664487e+00
1.003652913598664487e+00
1.003652913598664487e+00
1.003652913598664487e+00
1.003652913598664487e+00
1.003652913598664487e+00
1.003652913598664487e+00
1.003652913598664487e+00
1.003652913598664487e+00
1.002695247670952527e+00
1.002695247670952527e+00
1.002695247670952527e+00
1.002695247670952527e+00
1.002695247670952527e+00
1.002695247670952527e+00
1.002695247670952527e+00
1.002695247670952527e+00
1.002695247670952527e+00
1.003609839999319187e+00
1.001581340096511674e+00
1.004804839443910636e+00
1.004804839443910636e+00
1.001508554141302909e+00
1.001508554141302909e+00
1.001508554141302909e+00
1.001508554141302909e+00
1.001508554141302909e+00
1.004907939602415201e+00
1.004907939602415201e+00
1.004907939602415201e+00
1.003589993281831960e+00
1.003589993281831960e+00
1.003589993281831960e+00
1.003589993281831960e+00
1.003589993281831960e+00
1.003589993281831960e+00
1.003589993281831960e+00
1.003589993281831960e+00
1.003589993281831960e+00
1.003589993281831960e+00
1.003589993281831960e+00
1.003589993281831960e+00
1.003589993281831960e+00
1.003589993281831960e+00
1.003589993281831960e+00
1.003589993281831960e+00
1.004192438098608253e+00
1.002911224907230281e+00
1.002911224907230281e+00
1.002911224907230281e+00
1.002911224907230281e+00
1.002911224907230281e+00
1.002911224907230281e+00
1.002911224907230281e+00
1.002911224907230281e+00
1.002911224907230281e+00
1.002911224907230281e+00
1.002911224907230281e+00
1.002911224907230281e+00
1.002911224907230281e+00
1.000625879395194540e+00
9.998241188929305467e-01
9.998241188929305467e-01
9.985859156228531486e-01
9.985859156228531486e-01
1.003151257947864528e+00
1.003151257947864528e+00
1.003151257947864528e+00
1.004553249751686472e+00
1.004553249751686472e+00
1.004497452891078169e+00
1.004497452891078169e+00
1.004675478008896672e+00
1.004675478008896672e+00
1.004675478008896672e+00
1.007215116971743596e+00
1.007215116971743596e+00
1.007215116971743596e+00
1.007215116971743596e+00
1.007215116971743596e+00
1.005627310876104241e+00
1.005627310876104241e+00
1.005657045667385230e+00
1.005657045667385230e+00
1.005657045667385230e+00
1.005657045667385230e+00
1.005657045667385230e+00
1.005657045667385230e+00
1.005657045667385230e+00
1.004166138157898791e+00
1.004166138157898791e+00
1.004166138157898791e+00
1.000197687358706178e+00
1.005399543841788201e+00
1.005399543841788201e+00
1.005399543841788201e+00
1.005399543841788201e+00
1.005399543841788201e+00
1.005399543841788201e+00
1.005399543841788201e+00
1.005399543841788201e+00
1.005399543841788201e+00
1.005399543841788201e+00
1.005399543841788201e+00
1.005399543841788201e+00
1.007427958836376813e+00
1.002081795819914412e+00
1.002081795819914412e+00
1.002081795819914412e+00
1.002081795819914412e+00
1.001542021907546598e+00
1.001542021907546598e+00
1.001542021907546598e+00
1.004076688124856842e+00
1.004076688124856842e+00
1.003715784770190966e+00
1.003715784770190966e+00
1.003715784770190966e+00
1.003715784770190966e+00
1.003715784770190966e+00
1.003715784770190966e+00
1.003715784770190966e+00
1.003715784770190966e+00
1.003715784770190966e+00
1.003311811765724926e+00
1.003311811765724926e+00
1.005779360963290348e+00
1.005779360963290348e+00
1.005779360963290348e+00
1.005779360963290348e+00
1.005779360963290348e+00
1.005779360963290348e+00
1.005779360963290348e+00
1.003053424677340599e+00
1.004492734820579436e+00
1.004492734820579436e+00
1.004492734820579436e+00
1.004492734820579436e+00
1.004492734820579436e+00
1.004492734820579436e+00
1.005147620132267328e+00
1.007877033529521071e+00
1.007877033529521071e+00
1.007877033529521071e+00
1.001075814470051117e+00
1.001075814470051117e+00
1.001075814470051117e+00
1.001075814470051117e+00
1.001075814470051117e+00
1.000446823542219921e+00
1.000446823542219921e+00
1.000446823542219921e+00
1.002629698063170149e+00
1.003143339225946784e+00
1.003143339225946784e+00
1.003143339225946784e+00
1.003143339225946784e+00
1.003143339225946784e+00
1.003143339225946784e+00
1.003143339225946784e+00
1.003143339225946784e+00
1.003143339225946784e+00
1.003143339225946784e+00
1.003143339225946784e+00
1.003143339225946784e+00
1.003143339225946784e+00
1.007438419854667755e+00
1.007438419854667755e+00
1.007438419854667755e+00
1.007438419854667755e+00
1.007438419854667755e+00
1.004341766398011426e+00
1.001402287724553197e+00
1.004994109641062838e+00
1.004994109641062838e+00
1.004994109641062838e+00
1.004994109641062838e+00
1.004994109641062838e+00
1.003905055276899994e+00
1.003905055276899994e+00
1.003905055276899994e+00
1.003905055276899994e+00
1.003155850637395874e+00
1.003155850637395874e+00
1.003155850637395874e+00
1.003155850637395874e+00
1.003155850637395874e+00
1.003330286170604158e+00
1.005963513676156218e+00
1.005963513676156218e+00
1.005963513676156218e+00
1.005963513676156218e+00
1.004976030155433797e+00
1.004976030155433797e+00
1.005890742290513673e+00
1.005048528669304497e+00
1.005048528669304497e+00
1.005048528669304497e+00
1.005048528669304497e+00
1.005048528669304497e+00
1.005048528669304497e+00
1.005048528669304497e+00
1.005048528669304497e+00
1.005048528669304497e+00
1.005765685950827271e+00
1.005765685950827271e+00
1.005765685950827271e+00
1.003598250228312949e+00
1.003598250228312949e+00
1.003598250228312949e+00
1.003598250228312949e+00
1.003598250228312949e+00
1.003598250228312949e+00
1.003598250228312949e+00
1.003598250228312949e+00
1.003598250228312949e+00
1.003598250228312949e+00
1.003598250228312949e+00
1.003598250228312949e+00
1.003598250228312949e+00
1.003598250228312949e+00
1.003598250228312949e+00
1.006942841930825727e+00
1.006435014594109445e+00
1.006131877007867548e+00
1.006131877007867548e+00
1.006131877007867548e+00
1.006131877007867548e+00
1.006131877007867548e+00
1.005065806059591393e+00
1.005065806059591393e+00
1.005065806059591393e+00
1.005065806059591393e+00
1.005065806059591393e+00
1.005513616098546059e+00
1.005513616098546059e+00
1.005513616098546059e+00
1.005513616098546059e+00
9.986596555896943839e-01
9.986596555896943839e-01
9.986596555896943839e-01
9.986596555896943839e-01
9.986596555896943839e-01
9.980069236559476753e-01
9.980069236559476753e-01
1.003789940503889699e+00
1.003789940503889699e+00
1.003789940503889699e+00
1.001852232535102916e+00
1.001852232535102916e+00
1.001852232535102916e+00
1.005380056915836651e+00
1.005857302763137007e+00
1.005857302763137007e+00
1.005857302763137007e+00
1.001397754906580673e+00
1.001397754906580673e+00
1.001397754906580673e+00
1.000125949500555667e+00
1.000125949500555667e+00
1.000125949500555667e+00
1.000125949500555667e+00
1.000125949500555667e+00
1.004933008314484510e+00
1.004933008314484510e+00
1.004933008314484510e+00
1.004933008314484510e+00
1.004933008314484510e+00
1.004933008314484510e+00
1.004933008314484510e+00
1.004933008314484510e+00
1.004933008314484510e+00
1.001988376841987716e+00
1.001988376841987716e+00
1.001988376841987716e+00
1.001988376841987716e+00
1.001988376841987716e+00
1.001988376841987716e+00
1.001988376841987716e+00
1.001988376841987716e+00
1.001988376841987716e+00
1.001988376841987716e+00
1.002136973054762015e+00
1.002136973054762015e+00
1.002136973054762015e+00
9.996396098958360010e-01
9.996396098958360010e-01
9.996396098958360010e-01
9.996396098958360010e-01
1.004867198602112488e+00
1.004867198602112488e+00
1.004867198602112488e+00
1.004867198602112488e+00
1.004867198602112488e+00
1.003022273351738436e+00
1.003022273351738436e+00
1.003022273351738436e+00
1.003022273351738436e+00
1.003780838739274150e+00
1.003780838739274150e+00
1.003780838739274150e+00
1.003780838739274150e+00
1.005544791827157836e+00
1.005544791827157836e+00
1.002454854952913088e+00
1.002454854952913088e+00
1.001695582471120005e+00
1.006095805755685246e+00
1.005746127800286827e+00
1.005746127800286827e+00
1.005746127800286827e+00
1.005746127800286827e+00
1.005746127800286827e+00
1.003330981690534918e+00
1.003330981690534918e+00
1.003119767822028052e+00
1.003119767822028052e+00
1.003119767822028052e+00
1.002748294114152561e+00
1.006651437182711994e+00
1.006651437182711994e+00
1.003778063890965910e+00
1.008174136664992337e+00
1.006208176831284939e+00
1.004621197019987644e+00
1.004621197019987644e+00
1.004621197019987644e+00
1.004621197019987644e+00
1.004621197019987644e+00
1.004621197019987644e+00
1.002496432583315444e+00
1.001652207776186687e+00
1.002622224058933087e+00
1.002622224058933087e+00
1.002622224058933087e+00
1.004447068826409106e+00
1.004447068826409106e+00
1.003699171685138447e+00
1.003699171685138447e+00
1.004917669554790560e+00
1.004917669554790560e+00
1.004917669554790560e+00
1.004917669554790560e+00
1.004917669554790560e+00
1.004917669554790560e+00
1.004917669554790560e+00
1.005641314695783439e+00
1.006768425903965758e+00
1.006768425903965758e+00
1.006768425903965758e+00
1.006768425903965758e+00
1.000721837539650494e+00
1.006581412248827467e+00
1.006581412248827467e+00
1.006581412248827467e+00
1.005369444694252268e+00
1.005841847704589398e+00
1.005841847704589398e+00
1.005841847704589398e+00
1.006454571696765887e+00
1.006454571696765887e+00
1.004013911912048362e+00
1.004013911912048362e+00
1.004013911912048362e+00
1.003119486981436825e+00
1.003119486981436825e+00
1.003119486981436825e+00
1.003119486981436825e+00
1.003119486981436825e+00
1.003119486981436825e+00
1.003119486981436825e+00
1.004054830402386633e+00
1.004054830402386633e+00
1.004054830402386633e+00
9.978955128691310295e-01
9.978955128691310295e-01
9.978955128691310295e-01
9.978955128691310295e-01
1.000727146503554765e+00
1.000727146503554765e+00
1.004035494606932755e+00
1.005494842905219510e+00
1.004234458790520979e+00
1.004234458790520979e+00
1.004515205024204771e+00
1.005058477042551246e+00
1.005058477042551246e+00
1.005058477042551246e+00
1.005058477042551246e+00
1.002708501797688223e+00
1.002708501797688223e+00
1.002708501797688223e+00
1.002708501797688223e+00
1.002708501797688223e+00
1.002708501797688223e+00
1.002708501797688223e+00
1.002708501797688223e+00
1.002708501797688223e+00
1.002708501797688223e+00
1.001430089515823463e+00
1.001430089515823463e+00
1.004233761826923699e+00
1.004233761826923699e+00
1.004370733093132406e+00
1.004370733093132406e+00
1.004021091237402574e+00
1.004021091237402574e+00
1.004021091237402574e+00
1.004021091237402574e+00
1.004021091237402574e+00
1.004021091237402574e+00
1.004021091237402574e+00
1.004021091237402574e+00
1.004021091237402574e+00
1.004021091237402574e+00
1.004021091237402574e+00
1.003874951823894079e+00
1.003874951823894079e+00
1.001187386075013785e+00
1.001187386075013785e+00
1.001187386075013785e+00
1.001187386075013785e+00
1.001187386075013785e+00
1.001187386075013785e+00
9.991642226731816123e-01
1.000797679868313139e+00
1.003132222980718469e+00
1.003132222980718469e+00
1.003132222980718469e+00
1.003132222980718469e+00
1.003241027098442872e+00
1.005760045676941994e+00
1.005760045676941994e+00
1.005760045676941994e+00
1.005760045676941994e+00
1.005760045676941994e+00
1.004850911955707859e+00
1.004850911955707859e+00
1.004850911955707859e+00
1.004850911955707859e+00
1.004850911955707859e+00
1.004850911955707859e+00
1.004850911955707859e+00
1.004850911955707859e+00
1.004850911955707859e+00
1.007019654582985257e+00
1.001060014674324705e+00
1.003475648069082515e+00
1.003475648069082515e+00
1.003475648069082515e+00
1.003475648069082515e+00
1.003475648069082515e+00
1.003475648069082515e+00
1.003475648069082515e+00
1.003475648069082515e+00
1.003475648069082515e+00
1.003475648069082515e+00
1.003475648069082515e+00
1.002141453035862106e+00
1.002141453035862106e+00
1.002141453035862106e+00
1.002141453035862106e+00
1.003016844625082005e+00
1.003016844625082005e+00
1.003016844625082005e+00
1.003244727299750227e+00
1.003244727299750227e+00
1.005680903501246171e+00
1.005680903501246171e+00
1.005680903501246171e+00
1.005680903501246171e+00
1.005680903501246171e+00
1.005680903501246171e+00
1.002033389710053513e+00
1.002033389710053513e+00
1.001029920918405924e+00
1.001029920918405924e+00
1.001029920918405924e+00
1.001029920918405924e+00
1.001029920918405924e+00
1.001029920918405924e+00
1.001029920918405924e+00
1.001029920918405924e+00
1.001029920918405924e+00
9.999591114910977296e-01
9.981301883337923009e-01
9.981301883337923009e-01
1.001004387145311370e+00
1.001004387145311370e+00
1.002195359417441534e+00
1.005332471103915326e+00
1.001497980998102610e+00
1.004691170336944772e+00
1.004206759946672634e+00
1.004206759946672634e+00
1.004206759946672634e+00
1.004206759946672634e+00
1.004206759946672634e+00
1.004206759946672634e+00
1.004206759946672634e+00
1.004206759946672634e+00
1.003263915492776492e+00
1.003263915492776492e+00
1.003263915492776492e+00
1.003263915492776492e+00
1.006081804786571166e+00
1.006081804786571166e+00
1.006805831018263486e+00
1.006805831018263486e+00
1.006805831018263486e+00
1.005373708370442154e+00
1.005373708370442154e+00
1.005373708370442154e+00
1.001981880553260984e+00
1.001981880553260984e+00
1.001981880553260984e+00
1.001981880553260984e+00
1.001981880553260984e+00
1.005104939774514206e+00
1.005104939774514206e+00
1.005104939774514206e+00
1.005104939774514206e+00
1.005104939774514206e+00
1.005104939774514206e+00
1.005719912445917963e+00
1.005719912445917963e+00
1.005719912445917963e+00
1.005719912445917963e+00
1.007107279041819847e+00
1.007107279041819847e+00
1.007107279041819847e+00
1.007107279041819847e+00
1.001342125204097933e+00
1.001342125204097933e+00
1.001342125204097933e+00
1.001073882284589267e+00
1.001073882284589267e+00
1.001073882284589267e+00
1.008851546361687834e+00
1.008851546361687834e+00
1.004542456315016041e+00
1.004542456315016041e+00
1.004542456315016041e+00
1.004542456315016041e+00
1.003298427868778431e+00
1.003298427868778431e+00
1.002625109288973748e+00
1.002625109288973748e+00
1.004023304285797558e+00
1.004023304285797558e+00
1.004023304285797558e+00
1.002167740373568483e+00
1.002167740373568483e+00
1.002167740373568483e+00
1.002002417777355880e+00
1.002002417777355880e+00
1.002002417777355880e+00
1.002021411138580786e+00
1.001139652078230968e+00
1.001139652078230968e+00
1.003247564807015380e+00
1.003247564807015380e+00
1.003247564807015380e+00
1.002873584796342366e+00
1.002873584796342366e+00
1.003748461686395643e+00
1.003748461686395643e+00
1.003748461686395643e+00
1.003748461686395643e+00
1.004572852728221610e+00
1.004572852728221610e+00
1.004669318143511125e+00
1.004669318143511125e+00
1.004669318143511125e+00
1.004669318143511125e+00
1.004669318143511125e+00
1.004669318143511125e+00
1.004669318143511125e+00
1.004669318143511125e+00
1.004476202679378538e+00
1.004476202679378538e+00
1.004476202679378538e+00
1.004476202679378538e+00
1.000868684066992920e+00
1.000868684066992920e+00
1.002507854565564571e+00
1.002507854565564571e+00
1.000668133284562389e+00
1.000668133284562389e+00
1.003244503188769343e+00
1.003244503188769343e+00
1.003244503188769343e+00
1.003244503188769343e+00
1.003244503188769343e+00
1.004293343421742257e+00
1.004293343421742257e+00
1.002419246122473906e+00
1.002419246122473906e+00
1.002419246122473906e+00
1.002419246122473906e+00
1.002419246122473906e+00
1.002419246122473906e+00
1.002419246122473906e+00
1.002419246122473906e+00
1.002419246122473906e+00
1.002419246122473906e+00
1.002419246122473906e+00
1.002419246122473906e+00
1.003658235050030711e+00
1.003658235050030711e+00
1.003658235050030711e+00
1.000961287793420640e+00
1.003644607033902458e+00
1.003644607033902458e+00
1.003644607033902458e+00
1.003730538906622005e+00
1.003730538906622005e+00
1.003730538906622005e+00
1.002715188527410817e+00
1.002715188527410817e+00
1.002715188527410817e+00
1.002715188527410817e+00
1.002870347455620648e+00
1.002870347455620648e+00
1.005072713884759494e+00
1.005072713884759494e+00
1.005072713884759494e+00
1.004178089323756184e+00
1.004660461395279869e+00
1.004832988982286901e+00
1.007827765930415786e+00
1.007827765930415786e+00
1.007827765930415786e+00
1.004252430201963531e+00
1.004252430201963531e+00
1.004252430201963531e+00
1.004252430201963531e+00
1.004252430201963531e+00
1.004252430201963531e+00
1.004252430201963531e+00
1.004252430201963531e+00
1.004252430201963531e+00
1.004252430201963531e+00
1.004252430201963531e+00
1.004252430201963531e+00
1.004252430201963531e+00
1.004252430201963531e+00
1.004804689951172003e+00
9.996238798617272936e-01
9.996238798617272936e-01
9.996238798617272936e-01
1.004881520028952480e+00
1.004881520028952480e+00
1.004881520028952480e+00
1.005646268747900862e+00
1.005381513713590413e+00
1.005381513713590413e+00
1.005383489200590619e+00
1.006397016174360504e+00
1.007017225422195628e+00
1.001349351404434929e+00
1.001349351404434929e+00
1.001349351404434929e+00
1.001349351404434929e+00
1.001349351404434929e+00
1.001349351404434929e+00
1.001349351404434929e+00
1.006427822344037937e+00
1.006261140774173723e+00
1.005732503284283208e+00
1.005732503284283208e+00
1.000832682332299273e+00
1.000832682332299273e+00
1.004455269450252430e+00
1.002332493756350473e+00
1.000082392746360682e+00
1.000082392746360682e+00
1.000082392746360682e+00
1.000082392746360682e+00
1.000082392746360682e+00
1.000082392746360682e+00
1.000082392746360682e+00
1.000082392746360682e+00
1.000082392746360682e+00
1.000082392746360682e+00
1.000082392746360682e+00
1.003924496421264134e+00
1.003924496421264134e+00
1.003924496421264134e+00
1.003924496421264134e+00
1.004595844853662490e+00
1.004595844853662490e+00
1.004595844853662490e+00
1.004595844853662490e+00
1.000829306803783014e+00
1.000829306803783014e+00
1.000829306803783014e+00
1.000829306803783014e+00
1.000829306803783014e+00
1.000829306803783014e+00
1.000582735281503100e+00
1.004490050302393245e+00
1.004490050302393245e+00
1.004490050302393245e+00
1.004490050302393245e+00
1.004490050302393245e+00
1.004490050302393245e+00
1.004490050302393245e+00
1.003062080507061582e+00
1.003062080507061582e+00
1.003062080507061582e+00
1.003062080507061582e+00
1.003062080507061582e+00
1.002963451091168467e+00
1.001837018942974389e+00
1.003956288332974678e+00
1.003956288332974678e+00
1.003367787107606990e+00
1.001052519078928338e+00
1.001052519078928338e+00
1.001052519078928338e+00
1.001052519078928338e+00
1.002403201844070724e+00
1.002403201844070724e+00
1.002403201844070724e+00
9.995975284082867507e-01
9.995975284082867507e-01
1.008659758857748834e+00
1.008659758857748834e+00
1.008659758857748834e+00
1.001492259047477296e+00
1.001492259047477296e+00
1.001492259047477296e+00
1.001492259047477296e+00
1.001492259047477296e+00
1.001492259047477296e+00
1.001492259047477296e+00
1.001492259047477296e+00
1.001492259047477296e+00
1.001492259047477296e+00
1.001492259047477296e+00
1.001492259047477296e+00
1.004753200680056802e+00
1.005324940537752010e+00
1.005324940537752010e+00
1.005324940537752010e+00
1.005324940537752010e+00
1.005324940537752010e+00
1.005324940537752010e+00
1.005324940537752010e+00
1.005324940537752010e+00
1.005324940537752010e+00
1.005324940537752010e+00
1.008098897894492252e+00
1.006277955434772053e+00
1.006277955434772053e+00
1.006277955434772053e+00
1.006277955434772053e+00
1.006730826885959162e+00
1.006730826885959162e+00
1.006730826885959162e+00
1.006730826885959162e+00
1.006730826885959162e+00
1.006730826885959162e+00
1.000483710013616578e+00
1.000483710013616578e+00
1.000483710013616578e+00
1.000483710013616578e+00
1.000483710013616578e+00
1.000483710013616578e+00
1.000483710013616578e+00
1.000483710013616578e+00
1.000483710013616578e+00
1.002348022076283929e+00
1.004785563087809752e+00
1.004785563087809752e+00
9.994233302515689310e-01
9.994233302515689310e-01
9.994233302515689310e-01
9.994233302515689310e-01
9.994233302515689310e-01
1.001402482416106299e+00
1.006311632858154503e+00
1.006311632858154503e+00
1.004437831610660137e+00
1.004437831610660137e+00
1.004437831610660137e+00
1.001053598504974218e+00
1.001053598504974218e+00
1.001053598504974218e+00
1.001053598504974218e+00
1.004642846334164119e+00
1.004642846334164119e+00
1.004642846334164119e+00
1.004442470087268280e+00
1.004442470087268280e+00
1.004442470087268280e+00
1.004442470087268280e+00
1.004442470087268280e+00
1.004442470087268280e+00
1.004442470087268280e+00
1.001253954048198391e+00
1.001253954048198391e+00
1.001253954048198391e+00
1.001253954048198391e+00
1.001253954048198391e+00
1.003755801537737913e+00
1.003755801537737913e+00
1.003755801537737913e+00
1.003053988098901783e+00
1.003053988098901783e+00
1.003053988098901783e+00
1.003053988098901783e+00
1.003053988098901783e+00
1.003053988098901783e+00
1.003053988098901783e+00
1.003053988098901783e+00
1.003053988098901783e+00
1.003053988098901783e+00
1.003053988098901783e+00
1.003053988098901783e+00
1.006153758995962377e+00
9.999364307084456227e-01
9.999364307084456227e-01
1.003212137939212489e+00
1.003212137939212489e+00
1.003212137939212489e+00
1.003212137939212489e+00
1.003212137939212489e+00
1.003212137939212489e+00
1.003212137939212489e+00
1.003212137939212489e+00
1.003212137939212489e+00
1.003212137939212489e+00
1.003212137939212489e+00
1.001933328716110072e+00
1.005586417501925123e+00
1.005586417501925123e+00
1.005586417501925123e+00
1.005586417501925123e+00
1.005586417501925123e+00
9.977318031286057654e-01
9.977318031286057654e-01
9.977318031286057654e-01
9.977318031286057654e-01
9.977318031286057654e-01
9.977318031286057654e-01
9.977318031286057654e-01
9.984956008105668746e-01
9.984956008105668746e-01
9.984956008105668746e-01
9.984956008105668746e-01
9.984956008105668746e-01
1.001363132619531804e+00
1.002126043375871411e+00
1.002126043375871411e+00
1.002126043375871411e+00
1.003630093470134321e+00
1.003630093470134321e+00
1.003630093470134321e+00
1.004717985704645766e+00
1.004717985704645766e+00
1.003802635884551764e+00
1.003134309709705851e+00
1.003134309709705851e+00
1.003134309709705851e+00
1.006223740164061242e+00
1.006255068890524296e+00
1.006255068890524296e+00
1.006255068890524296e+00
1.006255068890524296e+00
1.006255068890524296e+00
1.006255068890524296e+00
1.007092737546372740e+00
1.002514548159047614e+00
1.002514548159047614e+00
1.002767571708939487e+00
1.003533535203592120e+00
1.003533535203592120e+00
1.003533535203592120e+00
1.003533535203592120e+00
1.003533535203592120e+00
1.003533535203592120e+00
1.003533535203592120e+00
1.003533535203592120e+00
1.003533535203592120e+00
1.003533535203592120e+00
1.003533535203592120e+00
1.003533535203592120e+00
1.003533535203592120e+00
1.001761902206524057e+00
1.001761902206524057e+00
1.001947311979899613e+00
1.001947311979899613e+00
1.001947311979899613e+00
1.001947311979899613e+00
1.001947311979899613e+00
1.001947311979899613e+00
1.001947311979899613e+00
1.003316931402922663e+00
1.001904365035617861e+00
1.002447082617008878e+00
1.002447082617008878e+00
1.002447082617008878e+00
1.002447082617008878e+00
1.002447082617008878e+00
1.002447082617008878e+00
1.002447082617008878e+00
1.002447082617008878e+00
1.002447082617008878e+00
1.002447082617008878e+00
1.003062920145759929e+00
1.000061465359968205e+00
1.000061465359968205e+00
1.000893531341971565e+00
1.000893531341971565e+00
1.000893531341971565e+00
1.000893531341971565e+00
1.000893531341971565e+00
1.000893531341971565e+00
1.000893531341971565e+00
1.000893531341971565e+00
1.000893531341971565e+00
1.000893531341971565e+00
1.000893531341971565e+00
1.000893531341971565e+00
1.000893531341971565e+00
1.000893531341971565e+00
1.000893531341971565e+00
1.000893531341971565e+00
1.000893531341971565e+00
9.990112429095111546e-01
9.990112429095111546e-01
9.990112429095111546e-01
1.007450602528822570e+00
1.007450602528822570e+00
1.007450602528822570e+00
1.007450602528822570e+00
1.007450602528822570e+00
1.007450602528822570e+00
1.007450602528822570e+00
1.007450602528822570e+00
1.006476804936920155e+00
1.006476804936920155e+00
1.000341450841584212e+00
1.003427928730009633e+00
1.003427928730009633e+00
1.003427928730009633e+00
1.000877184612114279e+00
1.000039014107516389e+00
1.000039014107516389e+00
1.001311557882057279e+00
1.002810313700978728e+00
1.002810313700978728e+00
1.002970363904085005e+00
1.002970363904085005e+00
1.005007935671080155e+00
1.003882055990867883e+00
1.003882055990867883e+00
1.003882055990867883e+00
1.002527799457410440e+00
1.002527799457410440e+00
1.002527799457410440e+00
1.000592397032585845e+00
1.000592397032585845e+00
1.006222386746832953e+00
1.006222386746832953e+00
1.006222386746832953e+00
1.006222386746832953e+00
9.998700388118629823e-01
9.998700388118629823e-01
9.998700388118629823e-01
9.998700388118629823e-01
1.000207891405019200e+00
1.001588494396028262e+00
1.001588494396028262e+00
1.001588494396028262e+00
1.001588494396028262e+00
1.000485639949966643e+00
1.000485639949966643e+00
1.005191024191984583e+00
1.005191024191984583e+00
1.005191024191984583e+00
1.005191024191984583e+00
1.005355076582994611e+00
1.005355076582994611e+00
1.005355076582994611e+00
9.992065043510245381e-01
1.005718943897721207e+00
1.005718943897721207e+00
1.004083528078533405e+00
1.004083528078533405e+00
1.004083528078533405e+00
1.004083528078533405e+00
1.003732008907558981e+00
1.003732008907558981e+00
1.003732008907558981e+00
1.003732008907558981e+00
1.003732008907558981e+00
1.003732008907558981e+00
1.004902597586260216e+00
1.004902597586260216e+00
1.000389890005934035e+00
1.002838966483601935e+00
1.002838966483601935e+00
1.002838966483601935e+00
1.003188738753522324e+00
1.003188738753522324e+00
1.001422746759988991e+00
1.001422746759988991e+00
9.999863275586707845e-01
9.999863275586707845e-01
9.999863275586707845e-01
1.004695181119319436e+00
1.004695181119319436e+00
1.004695181119319436e+00
1.004695181119319436e+00
1.004695181119319436e+00
1.004695181119319436e+00
1.004695181119319436e+00
1.004695181119319436e+00
1.004695181119319436e+00
1.001558198732532601e+00
1.001783344131915721e+00
1.001783344131915721e+00
1.003138977691717892e+00
1.003138977691717892e+00
1.004277221831840983e+00
1.004277221831840983e+00
1.004277221831840983e+00
1.004277221831840983e+00
1.004277221831840983e+00
1.004277221831840983e+00
1.006113841151352606e+00
1.006113841151352606e+00
1.000447551066087959e+00
1.005609620335950805e+00
1.005609620335950805e+00
1.003505928973285055e+00
1.003505928973285055e+00
1.003505928973285055e+00
1.003505928973285055e+00
1.003505928973285055e+00
1.003505928973285055e+00
1.003505928973285055e+00
1.003505928973285055e+00
1.003505928973285055e+00
1.006528225472090421e+00
1.006528225472090421e+00
1.006528225472090421e+00
9.982345230649533052e-01
9.986212854873623979e-01
9.986212854873623979e-01
9.986212854873623979e-01
9.986212854873623979e-01
9.986212854873623979e-01
1.006440067683889605e+00
1.006440067683889605e+00
1.006440067683889605e+00
1.006440067683889605e+00
1.006440067683889605e+00
1.006440067683889605e+00
1.006440067683889605e+00
1.006440067683889605e+00
1.004219760303643350e+00
1.003561531507015214e+00
1.003561531507015214e+00
1.003561531507015214e+00
1.003561531507015214e+00
9.996379652691057549e-01
9.996379652691057549e-01
9.996379652691057549e-01
9.996379652691057549e-01
1.000202348894728921e+00
1.000202348894728921e+00
1.000202348894728921e+00
1.000202348894728921e+00
1.000202348894728921e+00
1.000202348894728921e+00
1.002433428495979051e+00
1.002433428495979051e+00
9.997148532017450240e-01
9.997148532017450240e-01
9.997148532017450240e-01
9.997148532017450240e-01
9.997148532017450240e-01
9.997148532017450240e-01
9.997148532017450240e-01
9.997148532017450240e-01
9.997148532017450240e-01
9.997148532017450240e-01
9.997148532017450240e-01
9.997148532017450240e-01
9.995838066908775410e-01
9.995838066908775410e-01
1.002985825159454336e+00
1.002985825159454336e+00
1.004549434600706670e+00
1.004549434600706670e+00
1.004549434600706670e+00
1.004549434600706670e+00
1.004549434600706670e+00
1.003083307559226478e+00
1.003083307559226478e+00
1.000462335989478424e+00
1.001401287691392250e+00
1.001401287691392250e+00
1.001536696144389449e+00
1.001536696144389449e+00
1.001536696144389449e+00
1.001536696144389449e+00
1.001536696144389449e+00
1.004086526457057538e+00
1.004086526457057538e+00
1.005287583410538144e+00
1.005287583410538144e+00
1.005287583410538144e+00
1.002726786363651534e+00
1.002726786363651534e+00
1.002726786363651534e+00
1.002726786363651534e+00
1.002726786363651534e+00
1.002726786363651534e+00
1.002726786363651534e+00
1.002726786363651534e+00
1.002726786363651534e+00
1.003436730467828886e+00
1.003436730467828886e+00
1.006059488252581069e+00
1.006059488252581069e+00
1.006059488252581069e+00
1.006059488252581069e+00
1.006059488252581069e+00
1.002583645021405179e+00
1.002583645021405179e+00
1.002583645021405179e+00
1.002583645021405179e+00
1.003259729288382696e+00
1.003259729288382696e+00
1.006644196197907348e+00
1.006644196197907348e+00
1.006644196197907348e+00
1.006644196197907348e+00
1.006644196197907348e+00
1.006644196197907348e+00
1.006644196197907348e+00
1.006644196197907348e+00
1.006644196197907348e+00
1.005715075942595904e+00
1.005715075942595904e+00
1.005263867010950163e+00
1.005263867010950163e+00
1.005263867010950163e+00
1.003015737230379179e+00
1.002803868730029357e+00
1.006188715185574400e+00
1.006188715185574400e+00
1.003106326091085521e+00
1.003106326091085521e+00
1.004991634911588605e+00
1.004613425223041867e+00
1.004613425223041867e+00
1.003815977484200372e+00
1.004049792509188244e+00
1.004049792509188244e+00
1.004049792509188244e+00
1.004049792509188244e+00
1.004049792509188244e+00
1.004049792509188244e+00
1.004049792509188244e+00
1.004049792509188244e+00
1.004049792509188244e+00
1.004049792509188244e+00
1.004049792509188244e+00
1.004049792509188244e+00
1.004049792509188244e+00
1.004049792509188244e+00
1.004049792509188244e+00
1.004049792509188244e+00
1.004049792509188244e+00
1.004049792509188244e+00
1.004684612738864447e+00
1.004684612738864447e+00
1.006516183304341450e+00
1.003420295078975455e+00
1.003420295078975455e+00
1.003420295078975455e+00
1.003420295078975455e+00
1.001161682134871223e+00
1.001161682134871223e+00
